A
1050 Generated by WorldEditor 2.3.1r1

1    249 0 0 VOKN Kannur Intl
1302 flatten 1
100 45.11 1 1 0.00 1 3 1 07  11.91269110  075.53128662  198   57 3 7 1 2 25  11.92249925  075.55748691  144   55 3 7 1 2
110 1 0.00 0.0000 New Taxiway 2
111  11.92275206  075.55731480
111  11.92308099  075.55720380
111  11.92276733  075.55624862
113  11.92218224  075.55576030
110 1 0.00 0.0000 New Taxiway 2
111  11.91595506  075.54583852
112  11.91588443  075.54623412  11.91584831  075.54635102
111  11.91555562  075.54659161
111  11.91430946  075.54710228
111  11.91689208  075.55409167
112  11.91833088  075.55355639  11.91837302  075.55355024
111  11.91884258  075.55368560
111  11.91925439  075.55349234
112  11.91932132  075.55325841  11.91936346  075.55320919
112  11.92019710  075.55299650  11.92034159  075.55299650
111  11.92058239  075.55311955
111  11.92023924  075.55218434
112  11.91997436  075.55253505  11.91984794  075.55263964
112  11.91928807  075.55282422  11.91904125  075.55281807
111  11.91880044  075.55252889
111  11.91790947  075.55041853
112  11.91728338  075.54841891  11.91722318  075.54812358
111  11.91769275  075.54783441
112  11.91812619  075.54774827  11.91839108  075.54770520
111  11.91866198  075.54796977
111  11.91823456  075.54688690
112  11.91812619  075.54728683  11.91802987  075.54738527
112  11.91743388  075.54760676  11.91712686  075.54769905
111  11.91698840  075.54753908
113  11.91621215  075.54561602
111  11.91652615  075.54724989
111  11.91654928  075.54782509
111  11.91623318  075.54793934
111  11.91585155  075.54696230
113  11.91623703  075.54674955
111  11.91652229  075.54853030
111  11.91663794  075.54840423
111  11.91697331  075.54869577
111  11.91719303  075.54920793
111  11.91728169  075.54974767
111  11.91719303  075.54999588
111  11.91701186  075.54995254
111  11.91676900  075.54949553
113  11.91656084  075.54882184
111  11.91732410  075.55055138
111  11.91746287  075.55054744
111  11.91772886  075.55078776
111  11.91807579  075.55154025
111  11.91838803  075.55237154
111  11.91848055  075.55287977
111  11.91840345  075.55310039
111  11.91823770  075.55307675
111  11.91785992  075.55247003
111  11.91742818  075.55141812
111  11.91728941  075.55083110
113  11.91729326  075.55066169
110 1 0.00 0.0000 New Taxiway 1
111  11.91239473  075.53130771
111  11.91139640  075.53167687
112  11.91099456  075.53275286  11.91131803  075.53370064
111  11.91129071  075.53365507
111  11.91215245  075.53586990
111  11.91595506  075.54583852
111  11.91621205  075.54561605
111  11.91319110  075.53768062
111  11.91296484  075.53708138
112  11.91306518  075.53677375  11.91322069  075.53668147
111  11.91339628  075.53674812
111  11.91445481  075.53761973
111  11.91515214  075.53868618
111  11.91464043  075.53718905
111  11.91451000  075.53718905
111  11.91248550  075.53559733
111  11.91204817  075.53478831
111  11.91140965  075.53322578
112  11.91141467  075.53208244  11.91169059  075.53190811
111  11.91195648  075.53179532
111  11.91209193  075.53181583
111  11.91233775  075.53244133
113  11.91303507  075.53298481
110 1 0.00 0.0000 New Taxiway 5
111  11.91590360  075.53900914 102
111  11.91610853  075.53882788 102
111  11.91636691  075.53866222 102
111  11.91679412  075.53851124 102
111  11.91693723  075.53853675 102
111  11.91710601  075.53858361 102
112  11.91728360  075.53864813  11.91737448  075.53868584 102
112  11.91764946  075.53863823  11.91774721  075.53861330 102
112  11.91798305  075.53839619  11.91805182  075.53828486 102
112  11.91806573  075.53802411  11.91805188  075.53793652 102
112  11.91787193  075.53765378  11.91771365  075.53750998 102
112  11.91741162  075.53751657  11.91721465  075.53750938 102
111  11.91701150  075.53772979 102
111  11.91690793  075.53792243 102
111  11.91667805  075.53822599 102
111  11.91623711  075.53840249 102
111  11.91580286  075.53848976 102
113  11.91571015  075.53848867
130 Airport Boundary 16
111  11.90906098  075.53068471
111  11.90956261  075.53197857
111  11.91001647  075.53266212
111  11.91027923  075.53371186
111  11.91061365  075.53537191
111  11.90992092  075.53764227
111  11.90946706  075.53996146
111  11.91039867  075.54179240
111  11.91147360  075.54467308
111  11.91171247  075.54762699
111  11.91037478  075.55224097
111  11.91259630  075.55546342
111  11.91488949  075.55692822
111  11.91637051  075.55802680
111  11.91746932  075.55792914
111  11.91954752  075.55929630
111  11.92076578  075.55990663
111  11.92110020  075.55988222
111  11.92117186  075.55919865
111  11.92193626  075.55878362
111  11.92196015  075.56024841
111  11.92265288  075.56144466
111  11.92394452  075.56146070
111  11.92477885  075.56059020
111  11.92480274  075.55995546
111  11.92437277  075.55902775
111  11.92391891  075.55788033
111  11.92449220  075.55697704
111  11.92432499  075.55609817
111  11.92370392  075.55324183
111  11.92310674  075.55099581
111  11.92270065  075.55036107
111  11.92124352  075.54848126
111  11.91988195  075.54435545
111  11.91926087  075.54169445
111  11.91859203  075.54037615
111  11.91909366  075.53993672
111  11.91972098  075.53965725
111  11.91988195  075.53925316
111  11.92050302  075.53891138
111  11.92014471  075.53856961
111  11.91885479  075.53827665
111  11.91773208  075.53695836
111  11.91744544  075.53524947
111  11.91749321  075.53290586
111  11.91677659  075.53266173
111  11.91584498  075.53263732
111  11.91529557  075.53222231
111  11.91539112  075.53090403
111  11.91531946  075.52939045
111  11.91484171  075.52882897
111  11.91443563  075.52885338
111  11.91395788  075.52816983
111  11.91381456  075.52751069
111  11.91281129  075.52690038
111  11.91113918  075.52697361
111  11.91113918  075.52795011
111  11.91078087  075.52816983
111  11.90953872  075.52829189
113  11.90891765  075.52860925
120 Linear Feature 32
111  11.91267838  075.54864717
112  11.91244172  075.54918009  11.91253903  075.54944434
116  11.91294450  075.54946645  11.91297444  075.54945689
120 Linear Feature 32
111  11.91270527  075.54872937
112  11.91253685  075.54914822  11.91262480  075.54936625
116  11.91291486  075.54936816  11.91294480  075.54935860
120 Linear Feature 32
111  11.91273708  075.54881352
112  11.91262480  075.54911762  11.91268655  075.54928210
116  11.91287556  075.54926297  11.91290550  075.54925341
120 Linear Feature 32
111  11.91277451  075.54891680
112  11.91270153  075.54907554  11.91273147  075.54916543
116  11.91284749  075.54915013  11.91287743  075.54914057
120 Linear Feature 36
111  11.92250036  075.55725332 51
112  11.92241322  075.55723353  11.92239600  075.55719724 51
115  11.92230671  075.55695645
120 Linear Feature 32
111  11.91777030  075.55265064 101
111  11.91789219  075.55296817 101
115  11.91794690  075.55311115
120 Linear Feature 31
111  11.91684546  075.55426198
112  11.91708779  075.55443752  11.91722545  075.55442851
112  11.91726546  075.55438970  11.91729191  075.55437584
111  11.91835204  075.55395981
112  11.91857704  075.55409778  11.91862626  075.55424294
111  11.91861360  075.55425012
115  11.91858969  075.55428749
120 Linear Feature 30
111  11.91755161  075.55418121
111  11.91714211  075.55435065
116  11.91695563  075.55421149  11.91689995  075.55403385
120 Linear Feature 29
111  11.91768637  075.55388479
111  11.91770297  075.55394966
116  11.91755063  075.55418121  11.91739438  075.55423510
120 Linear Feature 28
111  11.91774479  075.55385859
111  11.91776943  075.55392155
112  11.91797708  075.55401515  11.91806497  075.55398421
111  11.91830715  075.55388875
112  11.91863112  075.55406735  11.91870565  075.55430161
111  11.91888782  075.55485462
115  11.91902488  075.55516683
120 Linear Feature 26
111  11.91774590  075.55396745
116  11.91796603  075.55406111  11.91815938  075.55403615
120 Linear Feature 25
111  11.91771367  075.55387335
112  11.91774993  075.55399127  11.91775605  075.55404566
112  11.91773015  075.55410149  11.91771649  075.55413229
115  11.91767795  075.55417089
120 Linear Feature 24
111  11.91816422  075.55511860
115  11.91836672  075.55562819
120 Linear Feature 23
111  11.91867267  075.55430162
111  11.91901148  075.55525039
112  11.91894889  075.55546004  11.91884202  075.55550172
115  11.91833016  075.55570724
120 Linear Feature 22
111  11.91832593  075.55468145
115  11.91844077  075.55500242
120 Linear Feature 21
111  11.91689704  075.55423673
112  11.91695300  075.55432193  11.91697702  075.55434744
112  11.91705284  075.55438739  11.91707356  075.55439076
112  11.91713996  075.55439365  11.91716304  075.55438547
111  11.91723839  075.55435515
111  11.91756663  075.55421680
111  11.91767795  075.55417089
111  11.91796603  075.55406111
111  11.91830000  075.55393236
112  11.91860356  075.55408440  11.91867275  075.55429997
111  11.91867267  075.55430162
111  11.91833863  075.55442415
112  11.91828609  075.55454252  11.91831304  075.55463594
111  11.91832593  075.55468145
111  11.91811969  075.55476768
112  11.91809977  075.55494733  11.91815250  075.55509225
111  11.91816422  075.55511860
111  11.91844077  075.55500242
115  11.91880521  075.55486230
120 Linear Feature 164
111  11.91597496  075.55136468
115  11.91666254  075.55108501
120 Linear Feature 163
111  11.91663122  075.55100015
115  11.91588125  075.55130377
120 Linear Feature 127
111  11.91558737  075.54658643 53
115  11.91430972  075.54709794
120 Linear Feature 85
111  11.91665810  075.54976062 51 101
115  11.91653589  075.54944424
120 Linear Feature 84
111  11.91677492  075.55006571 51 101
115  11.91665810  075.54976062
120 Linear Feature 83
111  11.91677492  075.55006571 51 101
115  11.91705626  075.55079687
120 Linear Feature 82
111  11.91639355  075.54907522 51 101
115  11.91651026  075.54937729
120 Linear Feature 81
111  11.91628486  075.54879260 51 101
115  11.91639351  075.54907520
120 Linear Feature 80
111  11.91595439  075.54793372 51 101
115  11.91582131  075.54758793
120 Linear Feature 78
111  11.91570764  075.54729256 51 101
115  11.91582131  075.54758793
120 Linear Feature 77
111  11.91581437  075.54663308 2
115  11.91531977  075.54680481
120 Linear Feature 76
111  11.91545875  075.54715388 2
116  11.91555173  075.54688760  11.91554906  075.54669716
120 Linear Feature 75
111  11.91566281  075.54707584 2
112  11.91531977  075.54680481  11.91511097  075.54688654 2
115  11.91455538  075.54713523
120 Linear Feature 74
111  11.91581437  075.54663308 51 101
116  11.91568887  075.54724393  11.91579401  075.54767225
120 Linear Feature 73
111  11.91568887  075.54724393 51
116  11.91524586  075.54701750  11.91487860  075.54700085
120 Linear Feature 33
111  11.91596262  075.54654992 101
115  11.91581437  075.54663308
120 Linear Feature 71
111  11.91596262  075.54654992 51
112  11.91552254  075.54681721  11.91534927  075.54694132 51
111  11.91524586  075.54701750 51
115  11.91459847  075.54730153
120 Linear Feature 70
111  11.91568887  075.54724393 2
112  11.91545875  075.54715388  11.91534357  075.54719908 2
115  11.91490634  075.54739958
120 Linear Feature 69
111  11.91570764  075.54729256 51 101
115  11.91568887  075.54724393
120 Linear Feature 68
111  11.91570764  075.54729256 2
112  11.91558593  075.54750612  11.91547967  075.54755342 2
115  11.91482286  075.54783358
120 Linear Feature 67
111  11.91582131  075.54758793 2
116  11.91558593  075.54750612  11.91544031  075.54752630
120 Linear Feature 66
111  11.91571750  075.54784905 2
116  11.91582131  075.54758793  11.91582254  075.54741640
120 Linear Feature 65
111  11.91551303  075.54771600 51
115  11.91486454  075.54798968
120 Linear Feature 64
111  11.91551303  075.54771600 51
116  11.91570764  075.54729256  11.91566173  075.54699288
120 Linear Feature 63
111  11.91595439  075.54793372 51
116  11.91551303  075.54771600  11.91513688  075.54771600
120 Linear Feature 62
111  11.91595439  075.54793372 2
112  11.91571895  075.54785042  11.91559176  075.54790830 2
115  11.91517119  075.54809294
120 Linear Feature 61
111  11.91597841  075.54799597 51 101
115  11.91595439  075.54793372
120 Linear Feature 60
111  11.91610795  075.54833265 51 101
115  11.91597841  075.54799597
120 Linear Feature 59
111  11.91645570  075.54818769 51 101
116  11.91597841  075.54799597  11.91570445  075.54772202
120 Linear Feature 58
111  11.91579961  075.54846658 51
116  11.91597841  075.54799597  11.91590585  075.54765392
120 Linear Feature 57
111  11.91586991  075.54825181 2
116  11.91597841  075.54799597  11.91599263  075.54781072
120 Linear Feature 56
111  11.91610795  075.54833265 2
112  11.91586991  075.54825181  11.91570286  075.54831537 2
115  11.91508089  075.54859507
120 Linear Feature 55
111  11.91610795  075.54833265 51
115  11.91514483  075.54875103
120 Linear Feature 54
111  11.91624772  075.54869587 51
116  11.91579961  075.54846658  11.91542820  075.54848111
120 Linear Feature 53
111  11.91624772  075.54869587 2
116  11.91600329  075.54860195  11.91582332  075.54859670
120 Linear Feature 52
111  11.91610795  075.54833265 2
112  11.91600329  075.54860195  11.91585718  075.54867561 2
115  11.91545060  075.54884383
120 Linear Feature 51
111  11.91628486  075.54879260 51 101
111  11.91610795  075.54833265 51 101
115  11.91645570  075.54818769
120 Linear Feature 50
111  11.91614827  075.54897647 2
116  11.91628486  075.54879260  11.91633423  075.54864630
120 Linear Feature 49
111  11.91614827  075.54897647 2
115  11.91545721  075.54927410
120 Linear Feature 48
111  11.91639351  075.54907520 2
116  11.91614827  075.54897647  11.91597501  075.54900068
120 Linear Feature 47
111  11.91627764  075.54933535 2
116  11.91639351  075.54907520  11.91639055  075.54890417
120 Linear Feature 46
111  11.91645570  075.54818769 51 101
116  11.91628486  075.54879260  11.91641814  075.54920125
120 Linear Feature 45
111  11.91606378  075.54921146 51
116  11.91628486  075.54879260  11.91625376  075.54849293
120 Linear Feature 44
111  11.91653589  075.54944424 51 101
115  11.91651026  075.54937729
120 Linear Feature 43
111  11.91651026  075.54937729 51
112  11.91606378  075.54921146  11.91576949  075.54934222 51
115  11.91543043  075.54948389
120 Linear Feature 42
111  11.91640564  075.54967162 2
112  11.91653589  075.54944424  11.91650567  075.54934683 2
112  11.91627764  075.54933535  11.91620300  075.54936986 2
115  11.91573208  075.54956420
120 Linear Feature 41
111  11.91647457  075.54984256 51
116  11.91653589  075.54944424  11.91646808  075.54923540
120 Linear Feature 40
111  11.91677492  075.55006571 51
112  11.91647457  075.54984256  11.91633596  075.54989704 51
115  11.91569088  075.55017674
120 Linear Feature 39
111  11.91652115  075.55001489 2
112  11.91665810  075.54976062  11.91662403  075.54967382 2
112  11.91640564  075.54967162  11.91633100  075.54969887 2
115  11.91572858  075.54996766
120 Linear Feature 38
111  11.91677492  075.55006571 2
112  11.91652115  075.55001489  11.91635766  075.55008027 2
115  11.91598803  075.55026007
120 Linear Feature 37
111  11.91663854  075.55036439 2
116  11.91677492  075.55006571  11.91674558  075.54987960
120 Linear Feature 36
111  11.91691392  075.55042668 2
112  11.91663854  075.55036439  11.91647434  075.55042760 2
115  11.91597107  075.55066298
120 Linear Feature 35
111  11.91671337  075.55053701 51
116  11.91677492  075.55006571  11.91665763  075.54973879
120 Linear Feature 34
111  11.91721886  075.55027194 51 101
116  11.91677492  075.55006571  11.91662351  075.54977584
120 Linear Feature 33
111  11.91690965  075.55042886 51
115  11.91670707  075.55053929
120 Linear Feature 32
111  11.91705626  075.55079687 51
112  11.91670707  075.55053929  11.91654713  075.55059559 51
115  11.91594293  075.55087529
120 Linear Feature 31
111  11.91721886  075.55027194 51 101
115  11.91690965  075.55042886
120 Linear Feature 30
111  11.91677317  075.55071437 2
116  11.91691392  075.55042668  11.91688171  075.55024498
120 Linear Feature 29
111  11.91705626  075.55079687 2
112  11.91677317  075.55071437  11.91659618  075.55079283 2
115  11.91623579  075.55095411
120 Linear Feature 28
111  11.91722163  075.55122622 51 101
115  11.91705626  075.55079687
120 Linear Feature 27
111  11.91705626  075.55079687 51
116  11.91695507  075.55118626  11.91672701  075.55130280
120 Linear Feature 26
111  11.91721886  075.55027194 51 101
116  11.91705626  075.55079687  11.91715252  075.55116768
120 Linear Feature 25
111  11.91708882  075.55153269 51
116  11.91722163  075.55122622  11.91713989  075.55102099
120 Linear Feature 24
111  11.91723899  075.55187971 51
112  11.91736278  075.55159172  11.91728771  075.55140463 51 101
111  11.91722163  075.55122622 51
112  11.91695507  075.55118626  11.91677203  075.55126072 51
115  11.91626735  075.55148412
120 Linear Feature 23
111  11.91736202  075.55222750 51
112  11.91749941  075.55194853  11.91742485  075.55175408 51 101
111  11.91736278  075.55159172 51
112  11.91708882  075.55153269  11.91689038  075.55161593 51
115  11.91640168  075.55182480
120 Linear Feature 22
111  11.91748938  075.55257258 51
112  11.91763082  075.55228793  11.91756726  075.55211713 51 101
111  11.91749941  075.55194853 51
112  11.91723899  075.55187971  11.91706570  075.55195200 51
115  11.91652423  075.55217887
120 Linear Feature 20
111  11.91687573  075.55321675 51
111  11.91760785  075.55292220 51
112  11.91777030  075.55265064  11.91770366  075.55247507 51 101
111  11.91765203  075.55234555 51
112  11.91736202  075.55222750  11.91714877  075.55230772 51
115  11.91664863  075.55252347
120 Linear Feature 19
111  11.91772216  075.55326773 51
112  11.91789219  075.55296817  11.91782057  075.55277898 51
111  11.91779771  075.55272368 51
112  11.91748938  075.55257258  11.91728797  075.55265280 51
115  11.91675930  075.55287074
120 Linear Feature 18
111  11.91772216  075.55326773 51
115  11.91698459  075.55356507
120 Linear Feature 17
111  11.91809557  075.55334504 51 101
112  11.91794690  075.55311115  11.91789927  075.55299365 51
116  11.91760785  075.55292220  11.91737507  075.55296102
120 Linear Feature 419
111  11.91794690  075.55311115 51
116  11.91783190  075.55362175  11.91758435  075.55374270
120 Linear Feature 418
111  11.91814449  075.55349872 51
115  11.91709921  075.55390947
120 Linear Feature 417
111  11.91842234  075.55339015 51 101
112  11.91809557  075.55334504  11.91791202  075.55324878 51
116  11.91772216  075.55326773  11.91766420  075.55327336
120 Linear Feature 411
111  11.91626220  075.54595871 2
115  11.91596990  075.54608023
120 Linear Feature 410
111  11.91665794  075.54845275
115  11.91666441  075.54837628
120 Linear Feature 409
111  11.91674853  075.54848499
115  11.91678290  075.54842629
120 Linear Feature 408
111  11.91683629  075.54856352
115  11.91688522  075.54851351
120 Linear Feature 407
111  11.91691272  075.54866271
115  11.91696934  075.54861684
120 Linear Feature 406
111  11.91698592  075.54876646
115  11.91704092  075.54872678
120 Linear Feature 405
111  11.91704779  075.54888467
115  11.91710482  075.54884995
120 Linear Feature 404
111  11.91710562  075.54900081
115  11.91716831  075.54896568
120 Linear Feature 403
111  11.91716062  075.54912274
115  11.91722614  075.54909009
120 Linear Feature 402
111  11.91719621  075.54924384
115  11.91726537  075.54921780
120 Linear Feature 401
111  11.91722614  075.54936205
115  11.91729691  075.54934841
120 Linear Feature 400
111  11.91724798  075.54949555
115  11.91731794  075.54947985
120 Linear Feature 399
111  11.91726901  075.54961666
115  11.91733614  075.54961459
120 Linear Feature 398
111  11.91726779  075.54974230
115  11.91734140  075.54974520
120 Linear Feature 397
111  11.91725243  075.54985555
115  11.91730945  075.54987622
120 Linear Feature 396
111  11.91720268  075.54994483
115  11.91724879  075.54999567
120 Linear Feature 395
111  11.91713798  075.54996715
115  11.91713029  075.55004279
120 Linear Feature 394
111  11.91706033  075.54993781
115  11.91702232  075.54999567
120 Linear Feature 393
111  11.91698187  075.54985679
115  11.91693698  075.54990598
120 Linear Feature 392
111  11.91691879  075.54976256
115  11.91686945  075.54979852
120 Linear Feature 391
111  11.91686419  075.54965551
115  11.91680676  075.54968857
120 Linear Feature 390
111  11.91681048  075.54953735
115  11.91675055  075.54957284
120 Linear Feature 389
111  11.91676388  075.54941433
115  11.91669592  075.54945337
120 Linear Feature 388
111  11.91671277  075.54930612
115  11.91664509  075.54932937
120 Linear Feature 387
111  11.91666699  075.54917753
115  11.91660015  075.54920222
120 Linear Feature 386
111  11.91662880  075.54905411
115  11.91655887  075.54907191
120 Linear Feature 385
111  11.91659454  075.54892667
115  11.91652616  075.54893893
120 Linear Feature 384
111  11.91656561  075.54880411
115  11.91650270  075.54880813
120 Linear Feature 383
111  11.91655775  075.54867696
115  11.91648866  075.54867839
120 Linear Feature 382
111  11.91655971  075.54856301
115  11.91650102  075.54854636
120 Linear Feature 381
111  11.91654932  075.54842868
115  11.91659847  075.54847805
120 Linear Feature 380
111  11.91620018  075.54682017
115  11.91616824  075.54687762
120 Linear Feature 379
111  11.91629077  075.54691027
115  11.91624871  075.54696524
120 Linear Feature 378
111  11.91637287  075.54701649
115  11.91631504  075.54705741
120 Linear Feature 377
111  11.91643960  075.54713222
115  11.91637691  075.54716653
120 Linear Feature 376
111  11.91649419  075.54725457
115  11.91644040  075.54728722
120 Linear Feature 375
111  11.91653302  075.54738435
115  11.91646548  075.54740088
120 Linear Feature 374
111  11.91656618  075.54751702
115  11.91649257  075.54753232
120 Linear Feature 373
111  11.91657022  075.54765590
115  11.91649298  075.54765383
120 Linear Feature 372
111  11.91655445  075.54778981
115  11.91648610  075.54777163
120 Linear Feature 371
111  11.91648974  075.54790637
115  11.91643960  075.54786421
120 Linear Feature 370
111  11.91637246  075.54795762
115  11.91637974  075.54788364
120 Linear Feature 369
111  11.91625671  075.54791423
115  11.91628971  075.54785521
120 Linear Feature 368
111  11.91616790  075.54781901
115  11.91620284  075.54777685
120 Linear Feature 367
111  11.91608394  075.54770989
115  11.91613635  075.54767120
120 Linear Feature 366
111  11.91601600  075.54759829
115  11.91606938  075.54756655
120 Linear Feature 365
111  11.91595631  075.54747728
115  11.91602037  075.54745992
120 Linear Feature 364
111  11.91592428  075.54734435
115  11.91598155  075.54732600
120 Linear Feature 363
111  11.91590196  075.54720994
115  11.91596407  075.54720052
120 Linear Feature 362
111  11.91589322  075.54707652
115  11.91596068  075.54708098
120 Linear Feature 361
111  11.91590535  075.54694261
115  11.91596941  075.54695848
120 Linear Feature 360
111  11.91596407  075.54682159
115  11.91601746  075.54686771
120 Linear Feature 359
111  11.91608297  075.54676703
115  11.91607618  075.54684391
120 Linear Feature 358
111  11.91750260  075.54927678
115  11.91756035  075.54925991
120 Linear Feature 357
111  11.91746523  075.54915625
115  11.91752395  075.54913691
120 Linear Feature 356
111  11.91743126  075.54903325
115  11.91748852  075.54901341
120 Linear Feature 355
111  11.91739631  075.54891272
115  11.91745358  075.54888991
120 Linear Feature 354
111  11.91735943  075.54878526
115  11.91741087  075.54876641
120 Linear Feature 353
111  11.91732110  075.54865928
115  11.91737690  075.54863745
120 Linear Feature 352
111  11.91728130  075.54853875
115  11.91734245  075.54851693
120 Linear Feature 351
111  11.91725849  075.54839839
115  11.91732207  075.54840236
120 Linear Feature 350
111  11.91727790  075.54826001
115  11.91733323  075.54828183
120 Linear Feature 349
111  11.91731964  075.54814246
115  11.91737399  075.54817123
120 Linear Feature 348
111  11.91739276  075.54802727
115  11.91744331  075.54808100
120 Linear Feature 347
111  11.91750074  075.54795122
115  11.91753026  075.54800867
120 Linear Feature 346
111  11.91757960  075.54790369
115  11.91761034  075.54796280
120 Linear Feature 345
111  11.91765644  075.54785698
115  11.91769081  075.54791526
120 Linear Feature 344
111  11.91773934  075.54781069
115  11.91775350  075.54788096
120 Linear Feature 343
111  11.91787037  075.54778383
115  11.91788089  075.54785368
120 Linear Feature 342
111  11.91800100  075.54775944
115  11.91801313  075.54783095
120 Linear Feature 341
111  11.91812677  075.54773175
115  11.91813567  075.54780036
120 Linear Feature 340
111  11.91824000  075.54772348
115  11.91823475  075.54779003
120 Linear Feature 339
111  11.91834798  075.54773919
115  11.91832857  075.54780532
120 Linear Feature 338
111  11.91845030  075.54777308
115  11.91841309  075.54783342
120 Linear Feature 337
111  11.91854224  075.54783173
115  11.91850031  075.54788830
120 Linear Feature 336
111  11.91859675  075.54793458
115  11.91856321  075.54795943
120 Linear Feature 335
111  11.91817603  075.54690585
115  11.91821243  075.54690502
120 Linear Feature 334
111  11.91816991  075.54700469
115  11.91823591  075.54701359
120 Linear Feature 333
111  11.91814351  075.54709596
115  11.91820754  075.54712151
120 Linear Feature 332
111  11.91809651  075.54718373
115  11.91815961  075.54721945
120 Linear Feature 331
111  11.91803682  075.54725515
115  11.91808486  075.54730029
120 Linear Feature 330
111  11.91795785  075.54731463
115  11.91799209  075.54736320
120 Linear Feature 329
111  11.91784813  075.54738034
115  11.91788098  075.54743819
120 Linear Feature 328
111  11.91773123  075.54744675
115  11.91776925  075.54750668
120 Linear Feature 327
111  11.91762496  075.54751053
115  11.91766338  075.54757087
120 Linear Feature 326
111  11.91755662  075.54752954
115  11.91756996  075.54759774
120 Linear Feature 325
111  11.91746522  075.54754938
115  11.91747857  075.54761551
120 Linear Feature 324
111  11.91737504  075.54756963
115  11.91739283  075.54763783
120 Linear Feature 323
111  11.91726018  075.54758327
115  11.91725816  075.54764816
120 Linear Feature 322
111  11.91715382  075.54756302
115  11.91713360  075.54762833
120 Linear Feature 321
111  11.91705434  075.54750888
115  11.91701875  075.54757542
120 Linear Feature 320
111  11.91696901  075.54743282
115  11.91691360  075.54748449
120 Linear Feature 319
111  11.91690471  075.54733363
115  11.91684809  075.54736297
120 Linear Feature 318
111  11.91685456  075.54721500
115  11.91679106  075.54724600
120 Linear Feature 317
111  11.91680198  075.54709638
115  11.91674132  075.54713275
120 Linear Feature 316
111  11.91674618  075.54698272
115  11.91668430  075.54701248
120 Linear Feature 315
111  11.91668754  075.54686451
115  11.91662930  075.54689634
120 Linear Feature 314
111  11.91663860  075.54674423
115  11.91657673  075.54678061
120 Linear Feature 313
111  11.91658428  075.54663307
115  11.91652290  075.54666187
120 Linear Feature 311
111  11.91554190  075.54653385
115  11.91558672  075.54658724
120 Linear Feature 310
111  11.91564064  075.54644740
115  11.91568648  075.54649631
120 Linear Feature 309
111  11.91573130  075.54635268
115  11.91577983  075.54641227
120 Linear Feature 308
111  11.91582870  075.54626967
115  11.91587689  075.54632030
120 Linear Feature 307
111  11.91588632  075.54619045
115  11.91594901  075.54621112
120 Linear Feature 306
111  11.91590756  075.54607851
115  11.91596990  075.54608023
120 Linear Feature 305
111  11.91590317  075.54595107
115  11.91596889  075.54594625
120 Linear Feature 304
111  11.91588700  075.54582777
115  11.91596114  075.54581192
120 Linear Feature 303
111  11.91585330  075.54570170
115  11.91593418  075.54567622
120 Linear Feature 302
111  11.91581858  075.54557426
115  11.91589778  075.54554705
120 Linear Feature 301
111  11.91578320  075.54544269
115  11.91585936  075.54541720
120 Linear Feature 300
111  11.91574423  075.54531636
115  11.91581935  075.54529017
120 Linear Feature 299
111  11.91844664  075.55298024
115  11.91850293  075.55299363
120 Linear Feature 298
111  11.91845440  075.55286120
115  11.91852477  075.55286368
120 Linear Feature 297
111  11.91845052  075.55273224
115  11.91852283  075.55272679
120 Linear Feature 296
111  11.91842577  075.55260924
115  11.91849371  075.55259188
120 Linear Feature 295
111  11.91839483  075.55247971
115  11.91846291  075.55245870
120 Linear Feature 294
111  11.91835843  075.55234951
115  11.91842887  075.55232919
120 Linear Feature 293
111  11.91832237  075.55222035
115  11.91838742  075.55219624
120 Linear Feature 292
111  11.91827856  075.55209497
115  11.91834091  075.55207224
120 Linear Feature 291
111  11.91823408  075.55197304
115  11.91829508  075.55194411
120 Linear Feature 290
111  11.91818417  075.55184019
115  11.91824648  075.55181579
120 Linear Feature 289
111  11.91813297  075.55171591
115  11.91819605  075.55169194
120 Linear Feature 288
111  11.91807594  075.55159109
115  11.91814308  075.55156505
120 Linear Feature 287
111  11.91802661  075.55146461
115  11.91808848  075.55143609
120 Linear Feature 286
111  11.91797525  075.55134475
115  11.91803510  075.55131334
120 Linear Feature 285
111  11.91792105  075.55121745
115  11.91797606  075.55118521
120 Linear Feature 284
111  11.91786322  075.55109428
115  11.91791822  075.55106493
120 Linear Feature 283
111  11.91780297  075.55097690
115  11.91785028  075.55094424
120 Linear Feature 282
111  11.91772249  075.55086034
115  11.91778194  075.55082521
120 Linear Feature 281
111  11.91765536  075.55074378
115  11.91771076  075.55070948
120 Linear Feature 280
111  11.91757367  075.55065078
115  11.91762017  075.55059995
120 Linear Feature 279
111  11.91748591  075.55056523
115  11.91752028  075.55051398
120 Linear Feature 278
111  11.91740058  075.55053671
115  11.91740300  075.55046603
120 Linear Feature 277
111  11.91733951  075.55056151
115  11.91728936  075.55050736
120 Linear Feature 276
111  11.91729947  075.55064624
115  11.91724124  075.55063012
120 Linear Feature 275
111  11.91729664  075.55076486
115  11.91722830  075.55076238
120 Linear Feature 274
111  11.91731201  075.55088886
115  11.91724933  075.55089919
120 Linear Feature 273
111  11.91734355  075.55101575
115  11.91728249  075.55103352
120 Linear Feature 272
111  11.91738197  075.55115090
115  11.91732333  075.55116578
120 Linear Feature 271
111  11.91742161  075.55127572
115  11.91736499  075.55129474
120 Linear Feature 270
111  11.91746609  075.55140385
115  11.91740826  075.55142493
120 Linear Feature 269
111  11.91751219  075.55152826
115  11.91745032  075.55155430
120 Linear Feature 268
111  11.91756113  075.55165557
115  11.91749764  075.55168285
120 Linear Feature 267
111  11.91761289  075.55178328
115  11.91755061  075.55180932
120 Linear Feature 266
111  11.91766708  075.55191017
115  11.91760238  075.55194200
120 Linear Feature 265
111  11.91771683  075.55203747
115  11.91765252  075.55206310
120 Linear Feature 264
111  11.91776455  075.55215940
115  11.91770267  075.55218834
120 Linear Feature 263
111  11.91781469  075.55228464
115  11.91775039  075.55231027
120 Linear Feature 262
111  11.91785999  075.55240740
115  11.91780256  075.55243468
120 Linear Feature 261
111  11.91791180  075.55253057
115  11.91785170  075.55255843
120 Linear Feature 260
111  11.91796560  075.55264770
115  11.91791459  075.55268342
120 Linear Feature 259
111  11.91802661  075.55276706
115  11.91797202  075.55280013
120 Linear Feature 258
111  11.91808980  075.55287761
115  11.91803891  075.55292135
120 Linear Feature 257
111  11.91816765  075.55297612
115  11.91812283  075.55301745
120 Linear Feature 256
111  11.91824449  075.55305465
115  11.91821719  075.55310149
120 Linear Feature 255
111  11.91833717  075.55309047
115  11.91832874  075.55315522
120 Linear Feature 254
111  11.91844670  075.55311286
115  11.91839581  075.55306705
120 Linear Feature 253
111  11.91327272  075.53800053
115  11.91333435  075.53798119
120 Linear Feature 252
111  11.91321982  075.53787009
115  11.91328437  075.53784678
120 Linear Feature 251
111  11.91316935  075.53774362
115  11.91323341  075.53771882
120 Linear Feature 250
111  11.91311694  075.53761119
115  11.91317857  075.53759086
120 Linear Feature 249
111  11.91306448  075.53748027
115  11.91312708  075.53745696
120 Linear Feature 248
111  11.91302662  075.53734636
115  11.91308340  075.53733148
120 Linear Feature 247
111  11.91299071  075.53720650
115  11.91305137  075.53720253
120 Linear Feature 246
111  11.91296715  075.53707369
115  11.91302943  075.53707204
120 Linear Feature 245
111  11.91296432  075.53693647
115  11.91302862  075.53695590
120 Linear Feature 244
111  11.91301204  075.53681082
115  11.91306704  075.53685712
120 Linear Feature 243
111  11.91311153  075.53672547
115  11.91314181  075.53679332
120 Linear Feature 242
111  11.91324314  075.53669561
115  11.91324314  075.53676951
120 Linear Feature 241
111  11.91337368  075.53672785
115  11.91334311  075.53679034
120 Linear Feature 240
111  11.91349209  075.53680076
115  11.91345036  075.53685581
120 Linear Feature 239
111  11.91359934  075.53688904
115  11.91355518  075.53694112
120 Linear Feature 238
111  11.91371096  075.53697534
115  11.91366874  075.53703238
120 Linear Feature 237
111  11.91381918  075.53705965
115  11.91377648  075.53711570
120 Linear Feature 236
111  11.91393129  075.53714645
115  11.91388712  075.53720101
120 Linear Feature 235
111  11.91404387  075.53723870
115  11.91399535  075.53728830
120 Linear Feature 234
111  11.91415015  075.53733244
115  11.91410114  075.53738254
120 Linear Feature 233
111  11.91425255  075.53742916
115  11.91419965  075.53747528
120 Linear Feature 232
111  11.91435301  075.53752538
115  11.91429962  075.53757647
120 Linear Feature 231
111  11.91444570  075.53762854
115  11.91439620  075.53767616
120 Linear Feature 230
111  11.91453548  075.53773419
115  11.91448598  075.53777932
120 Linear Feature 229
111  11.91462234  075.53783884
115  11.91456896  075.53788397
120 Linear Feature 228
111  11.91470387  075.53794597
115  11.91464321  075.53799457
120 Linear Feature 227
111  11.91477570  075.53806004
115  11.91472329  075.53809774
120 Linear Feature 226
111  11.91485237  075.53817660
115  11.91479608  075.53821479
120 Linear Feature 225
111  11.91492614  075.53829117
115  11.91486936  075.53832738
120 Linear Feature 224
111  11.91499020  075.53840822
115  11.91493779  075.53844443
120 Linear Feature 223
111  11.91505765  075.53853122
115  11.91499845  075.53856445
120 Linear Feature 222
111  11.91512171  075.53865522
115  11.91506057  075.53868349
120 Linear Feature 221
111  11.91517024  075.53878169
115  11.91511735  075.53880550
120 Linear Feature 220
111  11.91521974  075.53891412
115  11.91517364  075.53893545
120 Linear Feature 219
111  11.91526828  075.53904013
115  11.91522344  075.53905620
120 Linear Feature 218
111  11.91091579  075.53267437
115  11.91098082  075.53264908
120 Linear Feature 217
111  11.91088328  075.53253996
115  11.91095074  075.53252608
120 Linear Feature 216
111  11.91087551  075.53240109
115  11.91094394  075.53240208
120 Linear Feature 215
111  11.91088967  075.53226362
115  11.91096125  075.53227231
120 Linear Feature 214
111  11.91092687  075.53212517
115  11.91099805  075.53214955
120 Linear Feature 213
111  11.91098471  075.53200241
115  11.91104537  075.53203258
120 Linear Feature 212
111  11.91105916  075.53188822
115  11.91111507  075.53193167
120 Linear Feature 211
111  11.91115082  075.53178604
115  11.91121229  075.53184349
120 Linear Feature 210
111  11.91126851  075.53170379
115  11.91131137  075.53177322
120 Linear Feature 209
111  11.91139913  075.53164220
115  11.91142339  075.53171164
120 Linear Feature 208
111  11.91453017  075.53725012
115  11.91450222  075.53731738
120 Linear Feature 207
111  11.91443408  075.53718048
115  11.91438807  075.53723048
120 Linear Feature 206
111  11.91432460  075.53708942
115  11.91427976  075.53714775
120 Linear Feature 205
111  11.91421279  075.53700491
115  11.91416853  075.53706145
120 Linear Feature 204
111  11.91410272  075.53691742
115  11.91405963  075.53697515
120 Linear Feature 203
111  11.91398916  075.53683052
115  11.91394840  075.53688706
120 Linear Feature 202
111  11.91387910  075.53674065
115  11.91383484  075.53679957
120 Linear Feature 201
111  11.91376729  075.53665316
115  11.91372419  075.53671268
120 Linear Feature 200
111  11.91366013  075.53657103
115  11.91361646  075.53662638
120 Linear Feature 199
111  11.91355298  075.53648532
115  11.91350814  075.53653948
120 Linear Feature 198
111  11.91344703  075.53639263
115  11.91340107  075.53644972
120 Linear Feature 197
111  11.91333550  075.53630607
115  11.91329693  075.53636092
120 Linear Feature 196
111  11.91323152  075.53622036
115  11.91319042  075.53627264
120 Linear Feature 195
111  11.91312753  075.53613466
115  11.91308644  075.53618608
120 Linear Feature 194
111  11.91302774  075.53604724
115  11.91298329  075.53609866
120 Linear Feature 193
111  11.91292711  075.53595725
115  11.91287931  075.53601467
120 Linear Feature 192
111  11.91282396  075.53587240
115  11.91278036  075.53593154
120 Linear Feature 191
111  11.91271662  075.53578413
115  11.91267218  075.53583984
120 Linear Feature 190
111  11.91260928  075.53569757
115  11.91256903  075.53575327
120 Linear Feature 189
111  11.91250698  075.53560758
115  11.91246840  075.53566328
120 Linear Feature 188
111  11.91243220  075.53552006
115  11.91237979  075.53556529
120 Linear Feature 187
111  11.91236290  075.53541353
115  11.91230583  075.53545578
120 Linear Feature 186
111  11.91230234  075.53529866
115  11.91223711  075.53533973
120 Linear Feature 185
111  11.91224155  075.53518122
115  11.91217531  075.53521636
120 Linear Feature 184
111  11.91218788  075.53506209
115  11.91212248  075.53509123
120 Linear Feature 183
111  11.91213422  075.53493268
115  11.91206881  075.53496182
120 Linear Feature 182
111  11.91207467  075.53480498
115  11.91201514  075.53483412
120 Linear Feature 181
111  11.91202352  075.53468499
115  11.91196230  075.53470813
120 Linear Feature 180
111  11.91196818  075.53455558
115  11.91190612  075.53458129
120 Linear Feature 179
111  11.91191115  075.53443045
115  11.91185329  075.53445616
120 Linear Feature 178
111  11.91186084  075.53429847
115  11.91180046  075.53432932
120 Linear Feature 177
111  11.91181136  075.53417420
115  11.91174930  075.53419819
120 Linear Feature 176
111  11.91176188  075.53405078
115  11.91169815  075.53407563
120 Linear Feature 175
111  11.91170905  075.53392308
115  11.91164112  075.53394879
120 Linear Feature 174
111  11.91166544  075.53379795
115  11.91159584  075.53382024
120 Linear Feature 173
111  11.91161700  075.53366869
115  11.91155391  075.53369547
120 Linear Feature 172
111  11.91157187  075.53353874
115  11.91150635  075.53356503
120 Linear Feature 171
111  11.91152341  075.53341587
115  11.91146303  075.53343932
120 Linear Feature 170
111  11.91148356  075.53328876
115  11.91142318  075.53331097
120 Linear Feature 169
111  11.91145139  075.53316335
115  11.91138515  075.53317964
120 Linear Feature 168
111  11.91142288  075.53303137
115  11.91135244  075.53305108
120 Linear Feature 167
111  11.91139437  075.53290196
115  11.91132309  075.53292167
120 Linear Feature 166
111  11.91129625  075.53278883
115  11.91136166  075.53276912
120 Linear Feature 165
111  11.91126942  075.53265513
115  11.91133315  075.53263456
120 Linear Feature 164
111  11.91124594  075.53252572
115  11.91131638  075.53251457
120 Linear Feature 163
111  11.91125349  075.53238859
115  11.91132141  075.53239459
120 Linear Feature 162
111  11.91128619  075.53225489
115  11.91135160  075.53227717
120 Linear Feature 161
111  11.91134473  075.53213341
115  11.91140553  075.53217126
120 Linear Feature 160
111  11.91143907  075.53202700
115  11.91148799  075.53207699
120 Linear Feature 159
111  11.91155368  075.53195486
115  11.91158792  075.53201700
120 Linear Feature 158
111  11.91168086  075.53188344
115  11.91171301  075.53194701
120 Linear Feature 157
111  11.91181294  075.53182416
115  11.91183950  075.53188916
120 Linear Feature 156
111  11.91191147  075.53179916
115  11.91191916  075.53187201
120 Linear Feature 155
111  11.91202016  075.53178028
115  11.91203068  075.53184642
120 Linear Feature 154
111  11.91213461  075.53176541
115  11.91210145  075.53182740
120 Linear Feature 105
111  11.92275774  075.55730666 53 102
111  11.92307853  075.55720508 53 102
111  11.92276759  075.55624868 53 102
115  11.92217996  075.55575584
120 Linear Feature 96
111  11.91889128  075.54787429 51 105
115  11.91915632  075.54859733
120 Linear Feature 95
111  11.91848352  075.54678035 51 105
115  11.91825722  075.54618650
120 Linear Feature 94
111  11.91804894  075.54755690 51 105
116  11.91848352  075.54678244  11.91851614  075.54617400
120 Linear Feature 93
111  11.91804894  075.54755690 51 105
116  11.91888924  075.54787429  11.91922564  075.54832020
120 Linear Feature 92
111  11.91785102  075.54763418 51 105
115  11.91804894  075.54755690
120 Linear Feature 90
111  11.91354690  075.53657306 54
115  11.91342961  075.53675343
120 Linear Feature 90
111  11.91185234  075.53155963 54
115  11.91192429  075.53179445
120 Linear Feature 86
111  11.91920741  075.54970179
115  11.91913503  075.54966481
120 Linear Feature 86
111  11.91898272  075.55341768
115  11.91891034  075.55338070
120 Linear Feature 85
111  11.91918761  075.54964457
115  11.91915210  075.54971994
120 Linear Feature 85
111  11.91896292  075.55336046
115  11.91892741  075.55343583
120 Linear Feature 79
111  11.91848070  075.55186697 51
115  11.91854471  075.55183548
120 Linear Feature 78
111  11.91853444  075.55198328 51
115  11.91859529  075.55195299
120 Linear Feature 77
111  11.91858896  075.55209958 51
115  11.91865100  075.55206808
120 Linear Feature 76
111  11.91864468  075.55221710 51
115  11.91870750  075.55218600
120 Linear Feature 75
111  11.91870000  075.55233502 51
115  11.91876598  075.55230473
120 Linear Feature 74
111  11.91875610  075.55245415 51
115  11.91881972  075.55242184
120 Linear Feature 73
111  11.91880984  075.55257328 51
115  11.91887385  075.55253370
120 Linear Feature 72
111  11.91889716  075.55268635 51
115  11.91894695  075.55264476
120 Linear Feature 71
111  11.91899713  075.55277722 51
115  11.91903506  075.55272189
120 Linear Feature 70
111  11.91911883  075.55283658 51
115  11.91913859  075.55277318
120 Linear Feature 69
111  11.91925008  075.55285896 51
115  11.91925600  075.55278950
120 Linear Feature 68
111  11.91938403  075.55284564 51
115  11.91937533  075.55277941
120 Linear Feature 67
111  11.91947846  075.55281939 51
115  11.91946937  075.55276043
120 Linear Feature 66
111  11.91956460  075.55280202 51
115  11.91955630  075.55273822
120 Linear Feature 65
111  11.91965864  075.55277981 51
115  11.91962782  075.55271924
120 Linear Feature 64
111  11.91977966  075.55271121 51
115  11.91974950  075.55265131
120 Linear Feature 63
111  11.91989971  075.55264375 51
115  11.91986899  075.55258037
120 Linear Feature 62
111  11.92002205  075.55257397 51
115  11.91998848  075.55251524
120 Linear Feature 61
111  11.92011593  075.55250651 51
115  11.92007553  075.55245592
120 Linear Feature 60
111  11.92019388  075.55242568 51
115  11.92014210  075.55238381
120 Linear Feature 59
111  11.92024907  075.55234601 51
115  11.92018762  075.55232682
120 Linear Feature 58
111  11.91826546  075.55356085 51
115  11.91828632  075.55362530
120 Linear Feature 57
111  11.91834421  075.55354370 51
115  11.91834734  075.55361231
120 Linear Feature 56
111  11.91852495  075.55355484 51
115  11.91851167  075.55362389
120 Linear Feature 55
111  11.91841889  075.55354481 51
115  11.91840973  075.55361517
120 Linear Feature 54
111  11.91863257  075.55357053 51
115  11.91861425  075.55363881
120 Linear Feature 53
111  11.91874069  075.55361156 51
115  11.91870748  075.55366999
120 Linear Feature 52
111  11.91924925  075.55342583 51
115  11.91931520  075.55344861
120 Linear Feature 51
111  11.91930371  075.55331424 51
115  11.91936482  075.55336058
120 Linear Feature 50
111  11.91938497  075.55322483 51
115  11.91943330  075.55327669
120 Linear Feature 49
111  11.91948381  075.55315130 51
115  11.91951746  075.55321514
120 Linear Feature 48
111  11.91956789  075.55310150 51
115  11.91959963  075.55316942
120 Linear Feature 47
111  11.91965088  075.55305880 51
115  11.91968068  075.55312455
120 Linear Feature 46
111  11.91973938  075.55301404 51
115  11.91974574  075.55308454
120 Linear Feature 45
111  11.91986914  075.55298719 51
115  11.91987830  075.55305819
120 Linear Feature 44
111  11.91999976  075.55296292 51
115  11.92000852  075.55303076
120 Linear Feature 43
111  11.92013743  075.55293723 51
115  11.92014481  075.55300601
120 Linear Feature 42
111  11.92024676  075.55292813 51
115  11.92024551  075.55299642
120 Linear Feature 41
111  11.92035714  075.55294325 51
115  11.92034001  075.55300726
120 Linear Feature 40
111  11.92045728  075.55297814 51
115  11.92042371  075.55304152
120 Linear Feature 91
111  11.91731046  075.54784889 51 101
111  11.91744125  075.54779502 51 101
115  11.91784987  075.54763514
120 Linear Feature 37
111  11.91780003  075.54749037 54 104
115  11.91790185  075.54777331
120 Linear Feature 37
111  11.91980708  075.55269933 54 103
115  11.91990070  075.55297976
120 Linear Feature 35
111  11.91985297  075.55284024 57 101
111  11.91943378  075.55299960 51 101
115  11.91929613  075.55305319
120 Linear Feature 34
111  11.91803912  075.55292231 53 102
112  11.91782165  075.55248821  11.91775709  075.55232325 53 102
112  11.91754132  075.55179365  11.91752433  075.55175718 53 102
112  11.91743089  075.55150193  11.91742069  075.55146026 53 102
115  11.91730497  075.55110938
120 Linear Feature 33
111  11.91760569  075.55058325 53 102
111  11.91771103  075.55070827 53 102
112  11.91791341  075.55105277  11.91795745  075.55113278 53 102
112  11.91816540  075.55161036  11.91819965  075.55169288 53 102
112  11.91841984  075.55229548  11.91845654  075.55243050 53 102
112  11.91852512  075.55274886  11.91852694  075.55279548 53 102
111  11.91852259  075.55288808 53 102
116  11.91803912  075.55292231  11.91759385  075.55237222
120 Linear Feature 32
111  11.91730497  075.55110938 53 102
112  11.91722682  075.55077078  11.91723361  075.55071869 53 102
116  11.91760569  075.55058325  11.91798966  075.55092358
120 Linear Feature 30
111  11.91883806  075.55368710 53
115  11.91922111  075.55354120
120 Linear Feature 29
111  11.91691064  075.55408332 53
111  11.91817637  075.55359465 53 102
111  11.91828649  075.55355245 53 102
112  11.91843397  075.55354340  11.91851164  075.55355345 53 102
112  11.91863257  075.55357053  11.91867092  075.55357958 53 102
116  11.91883806  075.55368710  11.91888329  075.55375342
120 Linear Feature 27
111  11.91204569  075.53149099 53
115  11.91248781  075.53132313
120 Linear Feature 101
111  11.91213488  075.53176473 53 102
111  11.91235758  075.53243909 53 102
115  11.91298686  075.53293120
120 Linear Feature 23
111  11.91922111  075.55354120 53 102
112  11.91935458  075.55325188  11.91946926  075.55314191 53 102
111  11.91960905  075.55308106 53 102
111  11.91973222  075.55301449 53 102
111  11.91990070  075.55297976 53 102
111  11.92015697  075.55293201 53 102
112  11.92033394  075.55293634  11.92042341  075.55295559 53 102
116  11.92049499  075.55300119  11.92052048  075.55301856
120 Linear Feature 20
111  11.91893102  075.55272578 53 102
112  11.91881021  075.55257212  11.91878473  075.55251858 53 102
111  11.91848033  075.55186743 53 102
111  11.91789887  075.55046566 53 102
111  11.91762486  075.54965053 53 102
111  11.91749764  075.54927797 53 102
111  11.91737899  075.54885290 53 102
111  11.91728316  075.54854243 53 102
112  11.91725832  075.54833794  11.91727110  075.54825856 53 102
112  11.91737434  075.54804955  11.91742885  075.54798041 53 102
111  11.91773772  075.54781050 53 102
111  11.91812678  075.54773062 53 102
112  11.91836804  075.54774278  11.91849751  075.54778615 53 102
116  11.91856654  075.54785237  11.91860052  075.54788189
120 Linear Feature 19
111  11.92024914  075.55234615 53 102
112  11.92006980  075.55254390  11.91996480  075.55261143 53 102
111  11.91965922  075.55278025 53 102
111  11.91938049  075.55284768 53 102
116  11.91893106  075.55272557  11.91872039  075.55253110
120 Linear Feature 17
111  11.91696531  075.54995058 53 102
116  11.91681193  075.54969735  11.91678600  075.54963928
120 Linear Feature 16
111  11.91682324  075.54845235 53 102
112  11.91706534  075.54877213  11.91717577  075.54898339 53 102
112  11.91727364  075.54924617  11.91733684  075.54948162 53 102
111  11.91734490  075.54973013 53 102
116  11.91696450  075.54994749  11.91664441  075.54963494
120 Linear Feature 15
111  11.91652616  075.54893893 53 102
112  11.91648652  075.54862348  11.91649502  075.54853811 53 102
116  11.91682207  075.54845129  11.91710098  075.54866400
120 Linear Feature 14
111  11.91681193  075.54969735 53 102
116  11.91652616  075.54893893  11.91646099  075.54859738
120 Linear Feature 13
111  11.91601481  075.54759936 53 102
115  11.91595195  075.54747087
120 Linear Feature 12
111  11.91622888  075.54789281 53 102
116  11.91601481  075.54759936  11.91595874  075.54747261
120 Linear Feature 11
111  11.91655508  075.54779557 53 102
116  11.91622888  075.54789281  11.91599102  075.54770181
120 Linear Feature 10
111  11.91656358  075.54751081 53 102
116  11.91655508  075.54779557  11.91652450  075.54787718
120 Linear Feature 9
111  11.91649222  075.54723993 53 102
116  11.91656358  075.54751081  11.91657109  075.54757202
120 Linear Feature 8
111  11.91617595  075.54680181 53 102
116  11.91649222  075.54723993  11.91663154  075.54756463
120 Linear Feature 7
111  11.91595195  075.54747087 53 102
112  11.91589947  075.54720100  11.91589947  075.54713849 53 102
112  11.91589947  075.54696137  11.91591646  075.54687282 53 102
116  11.91617595  075.54680181  11.91635265  075.54691468
120 Linear Feature 5
111  11.91594068  075.54623150 53 102
112  11.91586989  075.54632990  11.91580477  075.54638778 53 102
115  11.91558672  075.54658724
120 Linear Feature 4
111  11.91824327  075.54698388 53 102
112  11.91809376  075.54729470  11.91796973  075.54738846 53 102
111  11.91766222  075.54757252 53 102
111  11.91734791  075.54765240 53 102
112  11.91687559  075.54742319  11.91675157  075.54716273 53 102
111  11.91651677  075.54665751 53 102
111  11.91557730  075.54408210 53 102
111  11.91494439  075.54238356 53 102
111  11.91330326  075.53808090 53 102
111  11.91306546  075.53748681 53 102
112  11.91298212  075.53717001  11.91296173  075.53705750 53 102
112  11.91301474  075.53680746  11.91309918  075.53670154 53 102
112  11.91330832  075.53670328  11.91340918  075.53672678 53 102
112  11.91353462  075.53683246  11.91359783  075.53688247 53 102
111  11.91406267  075.53725336 53 102
112  11.91444392  075.53762425  11.91456420  075.53776802 53 102
112  11.91477012  075.53804098  11.91483536  075.53814516 53 102
112  11.91501273  075.53844521  11.91503720  075.53849313 53 102
115  11.91511473  075.53863335
120 Linear Feature 95
111  11.91146267  075.53200940 53 102
112  11.91176192  075.53184220  11.91182177  075.53181978 53 102
112  11.91198736  075.53178511  11.91211305  075.53176472 53 102
115  11.91213499  075.53176472
120 Linear Feature 94
111  11.91164138  075.53395023 53 102
111  11.91143474  075.53336120 53 102
112  11.91135294  075.53306352  11.91132501  075.53295953 53 102
112  11.91125718  075.53260068  11.91125120  075.53257825 53 102
116  11.91146466  075.53200736  11.91174397  075.53178715
120 Linear Feature 93
111  11.91459927  075.53724761 53 102
112  11.91449786  075.53731728  11.91442803  075.53726630 53 102
111  11.91354690  075.53657306 53 102
111  11.91256435  075.53575069 53 102
112  11.91238313  075.53557228  11.91234656  075.53551621 53 102
112  11.91219194  075.53525795  11.91214207  075.53515090 53 102
115  11.91164296  075.53394930
120 Linear Feature 90
111  11.91204517  075.53149151 53 102
111  11.91143280  075.53170673 53 102
112  11.91101805  075.53201362  11.91094623  075.53219101 53 102
112  11.91097805  075.53263303  11.91105585  075.53287770 53 102
111  11.91131441  075.53364929 53 102
111  11.91217971  075.53587247 53 102
111  11.91276232  075.53734872 53 102
111  11.91397236  075.54042102 53 102
111  11.91440673  075.54159427 53 102
111  11.91530995  075.54392670 53 102
111  11.91578570  075.54518099 53 102
112  11.91595826  075.54579356  11.91597262  075.54591345 53 102
116  11.91594150  075.54623153  11.91589841  075.54630004
120 Linear Feature 88
111  11.91188075  075.53165480 57 101
115  11.91145110  075.53181079
120 Linear Feature 87
111  11.91637163  075.53864008
115  11.91639574  075.53870501
120 Linear Feature 86
111  11.91648941  075.53859075
115  11.91650591  075.53865249
120 Linear Feature 85
111  11.91640892  075.53836813
115  11.91638455  075.53830551
120 Linear Feature 84
111  11.91628585  075.53841467
115  11.91626450  075.53834463
120 Linear Feature 83
111  11.91616134  075.53845138
115  11.91614596  075.53837889
120 Linear Feature 82
111  11.91603303  075.53848197
115  11.91602108  075.53841094
120 Linear Feature 81
111  11.91590252  075.53850250
115  11.91589806  075.53843071
120 Linear Feature 97
111  11.91348980  075.53665725 51 105
111  11.91416226  075.53718467 51 105
112  11.91471126  075.53773976  11.91491090  075.53800380 51 105
112  11.91561171  075.53912876  11.91576813  075.53951762 51 105
115  11.91581720  075.53966638
120 Linear Feature 80
111  11.91565410  075.53850001
115  11.91566909  075.53843409
120 Linear Feature 80
111  11.91577074  075.53851397
115  11.91576866  075.53844339
120 Linear Feature 78
111  11.91583479  075.53900696
115  11.91589613  075.53904628
120 Linear Feature 77
111  11.91591665  075.53891184
115  11.91596134  075.53897186
120 Linear Feature 76
112  11.91602388  075.53883595  11.91602522  075.53883800
115  11.91606681  075.53889376
120 Linear Feature 75
111  11.91613558  075.53876221
115  11.91617222  075.53882466
120 Linear Feature 74
111  11.91625317  075.53869465
115  11.91628395  075.53876150
120 Linear Feature 72
111  11.91624581  075.53869499 54 104
115  11.91615619  075.53845658
120 Linear Feature 71
111  11.91726916  075.53862803 53
112  11.91720335  075.53859735  11.91718141  075.53858319 53
112  11.91715370  075.53857375  11.91713292  075.53856785 53
115  11.91709460  075.53855582
120 Linear Feature 70
111  11.91673230  075.53850295 53
111  11.91678887  075.53848761 53
112  11.91688008  075.53850295  11.91697129  075.53852537 53
116  11.91709460  075.53855582  11.91711698  075.53856150
120 Linear Feature 69
111  11.91580706  075.53903793 53
112  11.91592065  075.53890798  11.91601301  075.53883836 53
112  11.91623583  075.53870267  11.91629010  075.53867553 53
116  11.91673299  075.53850307  11.91689658  075.53845822
120 Linear Feature 68
111  11.91777852  075.53857548 53
116  11.91726715  075.53862930  11.91702775  075.53853877
120 Linear Feature 67
111  11.91806102  075.53814240 53 101
116  11.91777852  075.53857548  11.91751757  075.53870271
120 Linear Feature 66
111  11.91789753  075.53768456 53
116  11.91806102  075.53814240  11.91803230  075.53841889
120 Linear Feature 65
111  11.91738042  075.53752014 53
116  11.91789753  075.53768456  11.91809863  075.53789889
120 Linear Feature 64
111  11.91692487  075.53792992 53
116  11.91737755  075.53752014  11.91774815  075.53743793
120 Linear Feature 63
111  11.91559990  075.53847850 53
112  11.91574614  075.53851494  11.91582927  075.53851325 53
112  11.91602378  075.53848436  11.91608529  075.53847077 53
112  11.91636959  075.53838411  11.91653750  075.53831784 53
112  11.91670874  075.53822779  11.91674199  075.53820570 53
116  11.91692487  075.53793044  11.91693484  075.53790495
120 Linear Feature 57
111  11.91779656  075.53780793 51
115  11.91780282  075.53774759
120 Linear Feature 56
111  11.91793289  075.53814945 51 101
112  11.91785254  075.53834882  11.91778770  075.53841735 51 101
112  11.91770790  075.53847286  11.91764888  075.53850741 51 101
112  11.91756880  075.53852497  11.91752557  075.53853346 51 101
112  11.91744009  075.53853668  11.91740517  075.53853480 51 101
112  11.91731808  075.53851582  11.91727985  075.53850393 51 101
112  11.91721568  075.53846891  11.91719406  075.53845532 51 101
112  11.91715131  075.53841737  11.91713801  075.53840377 51 101
112  11.91711686  075.53837999  11.91711188  075.53837319 51 101
115  11.91709498  075.53835845
120 Linear Feature 55
111  11.91715649  075.53775695 51 101
111  11.91779656  075.53780793 51 101
112  11.91787637  075.53786060  11.91789964  075.53790818 51 101
116  11.91793289  075.53814945  11.91790629  075.53827348
120 Linear Feature 54
111  11.91701850  075.53811547 51 101
116  11.91715483  075.53775695  11.91731776  075.53758704
120 Linear Feature 53
111  11.91689382  075.53830408 51 101
116  11.91709498  075.53835845  11.91718476  075.53844850
120 Linear Feature 52
111  11.91689382  075.53830408 51 101
116  11.91701684  075.53811547  11.91703513  075.53797954
120 Linear Feature 51
111  11.91619981  075.53857584 51 101
115  11.91689382  075.53830408
120 Linear Feature 50
111  11.91580506  075.53872988 51
115  11.91619984  075.53857636
120 Linear Feature 49
111  11.91583814  075.53965588 51
111  11.91558821  075.53899232 51
116  11.91580506  075.53872988  11.91600903  075.53860656
120 Linear Feature 48
111  11.91521474  075.53798524 51
111  11.91547617  075.53867816 51
116  11.91580506  075.53872988  11.91598605  075.53866529
120 Linear Feature 47
111  11.91335306  075.53309013 51
111  11.91329999  075.53295637 51
112  11.91317670  075.53285443  11.91312483  075.53281365 51
111  11.91252632  075.53239975 51
112  11.91242258  075.53226314  11.91239465  075.53219585 51
111  11.91223904  075.53175341 51
112  11.91236073  075.53149446  11.91245250  075.53140882 51
112  11.91260213  075.53135377  11.91265999  075.53132931 51
111  11.91276772  075.53129668 51
112  11.91289739  075.53140882  11.91296124  075.53152300 51
112  11.91303306  075.53174321  11.91304303  075.53177787 51
112  11.91303106  075.53190429  11.91301710  075.53196953 51
112  11.91299515  075.53214488  11.91301111  075.53219178 51
115  11.91306897  075.53235081
120 Linear Feature 46
111  11.91188065  075.53165594 51 105
111  11.91212192  075.53157283 51 105
116  11.91290144  075.53187834  11.91310454  075.53243611
120 Linear Feature 45
111  11.91349026  075.53665795 51 101
112  11.91301485  075.53652260  11.91278542  075.53660076 51 101
112  11.91274053  075.53685902  11.91272723  075.53694058 51 101
116  11.91276050  075.53705082  11.91277381  075.53710349
120 Linear Feature 44
111  11.91212272  075.53544503 51 101
112  11.91218012  075.53554697  11.91221245  075.53560101 51 101
111  11.91240293  075.53574378 51 101
115  11.91348939  075.53665713
120 Linear Feature 43
111  11.91140964  075.53182673 51 101
115  11.91145110  075.53181079
120 Linear Feature 42
111  11.91211711  075.53542910 51 101
111  11.91167267  075.53430604 51 101
111  11.91142561  075.53366304 51 101
111  11.91123888  075.53310226 51 101
111  11.91107512  075.53259726 51 101
116  11.91140964  075.53182673  11.91191599  075.53154261
120 Linear Feature 40
111  11.91617791  075.54599258 51 101
111  11.91403880  075.54029787 51 101
111  11.91276050  075.53705082 51 101
115  11.91212272  075.53544503
120 Linear Feature 37
111  11.91617736  075.54599324 51 101
116  11.91596262  075.54654992  11.91563344  075.54675382
120 Linear Feature 36
111  11.91647146  075.54679978 51 101
116  11.91596262  075.54654992  11.91558556  075.54664372
120 Linear Feature 35
111  11.91647146  075.54679978 51 101
115  11.91617794  075.54599324
120 Linear Feature 34
111  11.91677181  075.54760535 51 101
115  11.91648007  075.54682364
120 Linear Feature 33
111  11.92002867  075.55277591 51 105
115  11.91985371  075.55284100
120 Linear Feature 32
111  11.92105332  075.55363718 51 105
111  11.92085222  075.55311846 51 105
116  11.92002867  075.55277591  11.91944213  075.55293006
120 Linear Feature 31
111  11.92021366  075.55142373 51 105
111  11.92049072  075.55213430 51 105
116  11.92002867  075.55277591  11.91957381  075.55296921
120 Linear Feature 29
111  11.91730851  075.54785004 51 101
115  11.91645570  075.54818769
120 Linear Feature 28
111  11.91706665  075.54840374 51 101
111  11.91691513  075.54801289 51 101
115  11.91677274  075.54760672
120 Linear Feature 27
111  11.91706668  075.54840416 51 101
116  11.91656996  075.54814307  11.91619290  075.54819201
120 Linear Feature 26
111  11.91677589  075.54761612 51 101
116  11.91656996  075.54814307  11.91628587  075.54831720
120 Linear Feature 25
111  11.91728447  075.54785961 51 101
116  11.91677589  075.54761612  11.91660631  075.54726338
120 Linear Feature 24
111  11.91706668  075.54840416 51 101
116  11.91728447  075.54785961  11.91762961  075.54767202
120 Linear Feature 23
111  11.91753391  075.54967424 51 101
112  11.91736260  075.54916810  11.91732470  075.54906207 51 101
112  11.91712320  075.54854621  11.91710325  075.54849728 51 101
115  11.91706760  075.54840656
120 Linear Feature 22
111  11.91754170  075.54969457 51 101
112  11.91764308  075.55003777  11.91768498  075.55016419 51 101
112  11.91772288  075.55027633  11.91773485  075.55031303 51 101
115  11.91780338  075.55049478
120 Linear Feature 21
111  11.91730087  075.55023628 51 101
116  11.91754170  075.54969457  11.91747467  075.54928678
120 Linear Feature 20
111  11.91730087  075.55023628 51 101
115  11.91721886  075.55027194
120 Linear Feature 17
111  11.91850495  075.55335773 51 101
116  11.91873991  075.55280851  11.91864408  075.55241440
120 Linear Feature 16
111  11.91922251  075.55307872 51 101
116  11.91873991  075.55280851  11.91857250  075.55245924
120 Linear Feature 15
111  11.91928467  075.55305617 51 101
111  11.91922074  075.55307839 51 101
115  11.91814510  075.55349817
120 Linear Feature 19
111  11.91780338  075.55049478 51 101
116  11.91730087  075.55023628  11.91694342  075.55031954
120 Linear Feature 18
111  11.91873670  075.55279558 51 101
115  11.91780792  075.55050640
120 Linear Feature 13
111  11.91656774  075.54677479 2
115  11.91627767  075.54689268
120 Linear Feature 13
111  11.91226104  075.53538000 2
115  11.91202253  075.53547223
120 Linear Feature 13
111  11.91695661  075.54752950 2
115  11.91656771  075.54767948
120 Linear Feature 13
111  11.91722928  075.54764923 2
115  11.91737434  075.54804955
120 Linear Feature 13
111  11.91725688  075.54833995 2
115  11.91687234  075.54849202
120 Linear Feature 13
111  11.91762640  075.54965161 2
115  11.91733806  075.54976763
120 Linear Feature 13
111  11.91789603  075.55046519 2
115  11.91760328  075.55058204
120 Linear Feature 13
111  11.91893106  075.55272557 2
115  11.91852259  075.55288808
120 Linear Feature 13
111  11.91921508  075.55286150 2
115  11.91935458  075.55325188
120 Linear Feature 35
111  11.92165322  075.55519308 51 101
111  11.92188831  075.55579521 51 101
111  11.92263107  075.55637250 51 101
112  11.92274672  075.55659576  11.92280133  075.55678290 51 101
111  11.92284952  075.55698646 51 101
112  11.92280775  075.55712435  11.92275636  075.55715062 51 101
115  11.92250184  075.55725336
21  11.91193137  075.53182136 6 340.0900 3.00 New Light Fixture 6
21  11.91184120  075.53153272 6 340.0900 3.00 New Light Fixture 6
21  11.91341069  075.53678939 6 35.1400 3.00 New Light Fixture 5
21  11.91355914  075.53653913 6 35.1400 3.00 New Light Fixture 5
21  11.91791222  075.54781195 6 337.7900 3.00 New Light Fixture 4
21  11.91779010  075.54746289 6 337.7900 3.00 New Light Fixture 4
21  11.91979258  075.55265991 6 333.6500 3.00 New Light Fixture 3
21  11.91991118  075.55301387 6 340.7500 3.00 New Light Fixture 3
21  11.92090918  075.55445111 2 251.5300 3.00 PAPI25
21  11.91444443  075.53471576 2 71.6000 3.00 PAPO07
20  11.91971661  075.55247019 337.7300 0 3 {@Y}VOR_112.60{@@,safety,safety,safety,safety}
20  11.91796026  075.54796573 337.7300 0 3 {@Y}VOR_112.60{@@,safety,safety,safety,safety}
20  11.91696617  075.54728956 68.0000 0 3 {@L}B{@Y}C3{^r,@@,^l}C2{@L}B
20  11.91569083  075.54550138 248.7700 0 4 {@Y,^u}A1{@L}B{@Y}A3{^ru,@@,@L}B{@Y}C4{^r}
20  11.91622721  075.54531922 248.7700 0 4 {@Y,^u}A1{@L}B{@Y}A3{^ru,@@,@L}B{@Y}C4{^r}
20  11.91197590  075.53199850 337.7300 0 3 {@Y}VOR_112.60{@@,safety,safety,safety,safety}
20  11.91769864  075.54726510 337.7300 0 3 {@Y}VOR_112.60{@@,safety,safety,safety,safety}
20  11.91336356  075.53689103 36.4800 0 3 {@R}07-25{@L}A3{@@,@Y,^l}B{^r,@L}A3
20  11.91361814  075.53643743 36.4800 0 3 {@R}07-25{@L}A3{@@}A3{@Y,^l}B{^r}
20  11.91180096  075.53142121 339.6400 0 3 {@R}07-25{@L}A{@@,@Y,^l}B{@L}A3
20  11.91281711  075.53798575 248.7800 0 3 {@Y,^u}A1{@L}B{@Y}A3{^ru,@@,@L}B{@Y,^u}APRON
20  11.91334256  075.53778569 248.7800 0 3 {@Y,^u}A1{@L}B{@Y}A3{^ru,@@,@L}B{@Y,^u}APRON
20  11.91629476  075.53882248 341.1800 0 3 {@Y,^u}ISOLATION_BAY{@@,@R}25-07
20  11.91611846  075.53832314 341.1800 0 3 {@Y,^u}ISOLATION_BAY{@@,@R}25-07
20  11.91195468  075.53193880 339.3600 0 3 {@R}07-25{@L}A1{@@,@Y,^l}B{@L}A1
20  11.91773955  075.54735002 339.5800 0 3 {@R}07-25{@L}A{@@,@Y,^l}B{^r,@L}A{@Y}C5{^u}
20  11.91793977  075.54790562 340.2600 0 3 {@R}07-25{@L}A{@@,@Y}C5{^u,@L}A{@Y,^l}B{^r}
20  11.91815512  075.55047198 248.3700 0 3 {@Y,^l}C6{@L}B{@@,@Y,^u}A6{@L}B
20  11.91891960  075.55241337 67.3500 0 3 {@Y,^l}A6{@L}B{@Y}C7{^r}
20  11.91974303  075.55254000 339.8300 0 3 {@R}07-25{@L}A6{@@,@Y,^u}C7{@L}A6{@Y}B{^r}
20  11.91994640  075.55312855 339.8300 0 3 {@R}07-25{@L}A6{@@,@Y,^u}C7{@L}A6{@Y}B{^r}
20  11.91818058  075.55282220 70.1300 0 3 {@Y,^l}C7
20  11.91699808  075.54969712 71.0200 0 3 {@Y,^l}C6
20  11.91624746  075.54765141 61.3800 0 3 {@Y,^l}C5
20  11.91665438  075.54878643 249.4400 0 3 {@Y}C5{^r}
20  11.91740211  075.55086061 249.8100 0 3 {@Y}C6{^r}
20  11.91600494  075.54705049 251.7700 0 3 {@Y}C4{^r}
14  11.91332574  075.54487840 255.91 0 New Tower Viewpoint 2
1300  11.91640168  075.55182480 157.19 gate jets|turboprops 7
1301 C airline aic axb gow igo
1300  11.91626735  075.55148412 156.60 gate jets|turboprops 8
1301 C airline aic axb gow igo
1300  11.91652423  075.55217887 157.68 gate jets|turboprops 6
1301 C airline aic axb gow igo
1300  11.91664863  075.55252347 157.18 gate jets|turboprops 5
1301 C airline aic axb gow igo
1300  11.91675930  075.55287074 158.12 gate jets|turboprops 4
1301 C airline aic axb gow igo
1300  11.91687573  075.55321675 158.43 gate jets|turboprops 3
1301 C airline aic axb gow igo
1300  11.91698459  075.55356507 158.80 gate jets|turboprops 2
1301 C airline aic axb gow igo
1300  11.91487486  075.54781035 157.39 gate jets|turboprops 13R
1301 C airline aic axb gow igo
1300  11.91463177  075.54710177 156.51 gate jets|turboprops 14R
1301 C airline aic axb gow igo
1300  11.91495962  075.54737563 155.97 gate jets|turboprops 14L
1301 C airline aic axb gow igo
1300  11.91465849  075.54727627 156.91 gate heavy|jets 14
1301 E airline aic axb gow igo
1300  11.91508089  075.54859507 156.20 gate jets|turboprops 12R
1301 C airline aic axb gow igo
1300  11.91517119  075.54809294 156.65 gate jets|turboprops 13L
1301 C airline aic axb gow igo
1300  11.91490383  075.54797315 157.70 gate heavy|jets 13
1301 E airline aic axb gow igo
1300  11.91545060  075.54884383 157.80 gate jets|turboprops 12L
1301 C airline aic axb gow igo
1300  11.91514483  075.54875103 156.90 gate heavy|jets 12
1301 E airline aic axb gow igo
1300  11.91545721  075.54927410 157.20 gate jets|turboprops 11R
1301 C airline aic axb gow igo
1300  11.91543043  075.54948389 158.00 gate heavy|jets|turboprops 11
1301 E airline aic axb gow igo
1300  11.91573208  075.54956420 158.17 gate jets|turboprops 11L
1301 C airline aic axb gow igo
1300  11.91598803  075.55026007 154.76 gate jets|turboprops 10L
1301 C airline aic axb gow igo
1300  11.91572858  075.54996766 156.47 gate jets|turboprops 10R
1301 C airline aic axb gow igo
1300  11.91569088  075.55017674 157.34 gate heavy|jets|turboprops 10
1301 E airline aic axb gow igo
1300  11.91597107  075.55066298 155.42 gate jets|turboprops 9R
1301 C airline aic axb gow igo
1300  11.91594293  075.55087529 155.70 gate heavy|jets|turboprops 9
1301 E airline aic axb gow igo
1300  11.91623579  075.55095411 156.79 gate jets|turboprops 9L
1301 C airline aic axb gow igo
1300  11.91709921  075.55390947 159.01 gate jets|turboprops 1
1301 C airline aic axb gow igo
19  11.92225225  075.55362054 0 New Windsock 44
19  11.91519118  075.53535701 0 New Windsock 42
54 11805 Kannur tower
55 12117 Kannur approach
50 12880 Kannur information
99
