5348.7 3552.7 4.1 151 0 19.5 11.4 2.5 2.5 2 0 1 1 1
4981.2 3891.1 24.8 133 0 5.7 8.2 7.5 2.5 2 1 3 2 2
5223.4 3568.7 16.4 47 0 7.8 10.1 5.0 2.5 2 1 2 1 1
5213.2 3640.5 14.5 226 0 7.6 10.9 7.5 2.5 2 0 3 5 5
5235.8 3616.7 13.2 226 0 7.6 10.9 5.0 2.5 2 1 2 0 0
5241.0 3573.9 14.3 226 0 7.6 10.9 7.5 2.5 2 1 3 3 3
2271.2 2197.9 30.8 89 0 16.8 16.9 7.5 2.5 2 1 3 0 0
2376.7 2148.6 32.4 55 0 10.7 14.8 2.5 2.5 2 1 1 3 3
2398.1 2144.3 32.9 271 0 11.4 19.4 7.5 2.5 2 1 3 1 1
2394.6 2168.5 32.2 336 0 12.7 13.8 2.5 2.5 2 1 1 1 1
3475.4 3366.9 36.9 220 0 35.5 13.8 2.5 2.5 2 0 1 3 3
3399.2 3530.1 37.7 130 0 47.6 14.9 10.0 2.5 2 0 4 2 2
3474.0 3440.0 36.6 224 0 37.5 11.6 2.5 2.5 2 0 1 2 2
3438.8 3496.6 37.0 130 0 48.7 15.3 7.5 2.5 2 0 3 1 1
3477.9 3462.9 36.3 133 0 48.4 12.6 5.0 0.0 0 0 2 1 1
3646.2 4316.9 32.4 270 0 10.6 44.9 2.5 2.5 2 1 1 0 0
3797.9 4546.6 32.1 185 0 11.8 29.1 7.5 2.5 2 1 3 5 5
3961.2 3735.9 29.0 190 0 14.3 27.8 7.5 0.0 0 1 3 1 1
4946.0 -3152.7 -20.7 55 0 8.2 15.3 5.0 0.0 0 0 2 3 3
5499.2 -2328.0 -42.4 60 0 11.5 12.4 5.0 2.5 2 1 2 2 2
5047.0 -3141.9 -24.3 350 0 5.6 9.2 5.0 0.0 0 1 2 2 2
5110.6 -3270.8 -36.3 176 0 12.6 15.8 10.0 0.0 0 1 4 0 0
5000.3 -3354.0 -30.9 166 0 9.5 16.2 7.5 0.0 0 0 3 2 2
4830.0 -3221.8 -22.6 92 0 8.9 9.0 7.5 2.5 2 1 3 2 2
4874.1 -3221.9 -20.8 275 0 6.1 6.3 5.0 0.0 0 1 2 5 5
-5130.9 -5306.9 -1.8 3 0 25.3 28.9 7.5 0.0 0 1 3 4 4
-325.1 -4157.4 -18.7 90 0 6.7 22.9 5.0 2.5 2 1 2 3 3
-2947.4 2765.9 -22.4 87 0 15.1 17.8 2.5 0.0 0 1 1 5 5
-2851.6 2778.8 -22.4 349 0 15.4 14.9 7.5 2.5 2 0 3 4 4
-2850.3 2733.2 -17.2 353 0 19.1 15.8 10.0 2.5 4 0 4 2 2
1543.0 -4366.5 -21.6 270 0 32.5 45.9 12.5 0.0 0 1 5 0 0
-4831.9 -4890.3 1.4 358 0 30.2 39.7 10.0 0.0 0 1 4 0 0
-87.2 -4125.0 -21.5 282 0 14.5 38.3 10.0 0.0 0 1 4 2 2
198.1 -4778.0 -31.4 271 0 41.7 49.0 12.5 0.0 0 1 5 1 1
