-5031.5 3150.1 -51.8 273 0 42.4 21.6 5.0 0.0 0 0 2 2 2
-5075.8 2696.6 -42.7 100 0 23.0 15.9 14.0 3.5 2 0 4 0 0
-5062.7 2728.0 -42.6 13 0 36.6 18.0 14.0 3.5 2 0 4 5 5
-5080.3 3916.9 -54.4 230 0 23.1 54.9 12.5 2.5 2 1 5 3 3
6123.6 1574.6 -27.7 211 0 7.8 13.4 7.5 0.0 0 1 3 2 2
-319.0 322.2 -41.2 92 0 16.8 22.2 10.0 2.5 2 1 4 0 0
2480.0 734.7 -37.2 103 0 11.0 112.2 10.0 0.0 0 1 4 4 4
2183.2 670.4 -32.6 240 0 32.5 29.7 12.5 0.0 0 0 5 5 5
2185.3 605.2 -36.3 57 0 13.4 28.9 12.5 2.5 2 0 5 5 5
2115.8 722.6 -21.6 102 0 36.1 45.3 10.0 0.0 0 1 4 0 0
2221.6 699.0 -28.1 103 0 35.4 47.6 10.0 0.0 0 1 4 4 4
2293.3 851.4 -21.8 191 0 55.6 40.6 10.0 0.0 0 0 4 5 5
2124.7 657.4 -31.0 243 0 10.0 20.1 7.5 2.5 2 1 3 3 3
2111.3 695.9 -26.2 282 0 16.7 22.0 10.0 2.5 2 1 4 2 2
2178.2 723.1 -24.2 103 0 51.5 23.2 10.0 2.5 2 0 4 1 1
3705.9 763.1 -49.0 345 0 71.7 360.1 12.5 0.0 0 1 5 4 4
1191.9 641.3 -27.2 10 0 11.1 15.3 5.0 0.0 0 1 2 2 2
1175.9 663.2 -26.6 232 0 7.7 6.6 7.5 2.5 2 0 3 1 1
1276.9 690.6 -19.9 167 0 10.6 37.6 10.0 2.5 2 1 4 5 5
1370.2 784.3 -18.3 74 0 19.4 27.1 15.0 0.0 0 1 6 1 1
1432.2 839.0 -16.0 259 0 10.9 66.0 12.5 2.5 4 1 5 4 4
1374.6 1344.8 -14.7 251 0 10.7 31.6 10.0 2.5 2 1 4 2 2
1404.8 1327.6 -12.1 341 0 8.5 15.0 7.5 2.5 2 1 3 5 5
1399.4 1347.2 -14.7 341 0 19.0 15.5 7.5 2.5 2 0 3 5 5
1474.7 1199.6 -10.2 181 0 9.6 26.6 7.5 0.0 0 1 3 5 5
1470.8 1224.0 -9.6 180 0 24.5 15.2 10.0 2.5 2 0 4 5 5
1539.3 1283.9 -4.9 1 0 10.5 56.9 12.5 2.5 4 1 5 1 1
1516.1 1189.2 -8.1 70 0 9.0 16.5 5.0 2.5 2 1 2 5 5
1535.7 1238.0 -5.6 342 0 42.5 19.6 10.0 2.5 2 0 4 0 0
1540.0 1198.2 -6.2 71 0 17.4 9.9 2.5 0.0 0 0 1 5 5
1497.3 1119.0 -14.0 134 0 11.1 24.8 12.5 0.0 0 1 5 5 5
1423.2 1483.5 -13.7 236 0 13.5 16.3 7.5 2.5 2 1 3 0 0
1394.4 1473.9 -14.5 239 0 15.0 16.9 7.5 2.5 2 1 3 2 2
1369.6 1466.2 -15.1 245 0 15.3 16.7 5.0 0.0 0 1 2 3 3
1341.8 1456.5 -15.8 247 0 15.1 16.5 7.5 2.5 2 1 3 0 0
1309.7 1446.3 -16.4 238 0 14.3 16.7 5.0 2.5 2 1 2 4 4
1259.4 1455.5 -11.5 346 0 12.1 17.5 2.5 2.5 2 1 1 2 2
1585.6 1569.9 0.1 281 0 14.9 17.4 5.0 2.5 2 1 2 5 5
1556.4 1579.4 2.0 281 0 15.6 18.2 12.5 2.5 2 1 5 1 1
1520.7 1589.0 4.4 286 0 15.5 17.2 15.0 0.0 0 1 6 0 0
1439.6 1586.5 5.0 272 0 15.2 17.0 10.0 2.5 2 1 4 2 2
1413.1 1584.9 5.0 269 0 16.4 17.8 10.0 2.5 2 1 4 2 2
1351.6 1575.5 4.0 250 0 15.1 16.7 7.5 2.5 2 1 3 5 5
1300.3 1548.6 -0.2 250 0 14.7 15.7 7.5 2.5 2 1 3 3 3
1274.0 1539.1 -1.6 249 0 14.9 16.2 7.5 2.5 4 1 3 1 1
1249.3 1532.2 -1.9 267 0 15.0 16.1 2.5 2.5 4 1 1 1 1
1627.5 1636.7 15.5 111 0 20.6 15.9 10.0 0.0 0 0 4 1 1
1595.4 1635.5 16.2 90 0 12.1 19.4 10.0 0.0 0 1 4 4 4
1426.0 1690.1 28.1 58 0 14.8 15.2 12.5 0.0 0 1 5 2 2
1362.7 1673.5 29.4 60 0 12.4 14.7 5.0 0.0 0 1 2 4 4
1440.7 1656.0 18.2 240 0 17.4 18.7 10.0 0.0 0 1 4 4 4
717.8 831.1 -31.7 260 0 55.3 33.3 14.0 0.0 0 0 4 2 2
1742.0 1696.0 41.0 58 0 19.2 14.7 12.5 0.0 0 0 5 1 1
1662.7 1703.8 40.3 88 0 19.4 15.0 12.5 0.0 0 0 5 2 2
1475.3 1761.0 42.7 77 0 12.6 17.2 10.0 0.0 0 1 4 3 3
1506.5 1764.0 50.8 107 0 18.4 15.6 12.5 0.0 0 0 5 2 2
1118.5 1401.1 -13.6 343 0 11.6 19.1 7.5 2.5 2 1 3 5 5
1143.5 1410.1 -13.8 336 0 10.4 19.4 5.0 0.0 0 1 2 2 2
1168.8 1420.3 -14.0 340 0 10.4 19.5 2.5 2.5 2 1 1 0 0
1170.3 1404.5 -16.5 163 0 10.1 10.6 2.5 2.5 2 1 1 3 3
1146.9 1516.1 -0.1 263 0 9.8 15.5 5.0 2.5 2 1 2 0 0
1087.6 1493.6 -0.5 227 0 13.4 14.5 5.0 2.5 2 1 2 1 1
1061.5 1482.4 -0.5 220 0 12.6 14.7 5.0 2.5 2 1 2 1 1
953.9 1286.9 -15.7 314 0 14.2 15.3 5.0 2.5 2 1 2 5 5
982.6 1431.3 -3.2 248 0 14.9 13.5 10.0 0.0 0 0 4 5 5
798.9 1432.1 7.2 194 0 13.9 13.6 5.0 0.0 0 0 2 5 5
760.5 1387.4 3.4 197 0 14.7 13.4 5.0 0.0 0 0 2 3 3
739.2 1369.7 2.3 206 0 14.5 15.5 10.0 0.0 0 1 4 4 4
1695.5 1437.1 -12.1 89 0 31.6 20.5 7.5 0.0 0 0 3 2 2
1018.0 1527.7 8.3 153 0 11.6 18.8 5.0 0.0 0 1 2 0 0
983.4 1564.0 17.2 61 0 18.6 14.1 10.0 0.0 0 0 4 3 3
695.6 1471.8 22.1 50 0 17.9 15.5 7.5 0.0 0 0 3 0 0
632.3 1429.0 19.0 109 0 19.0 15.0 10.0 0.0 0 0 4 2 2
-6140.3 -336.9 -49.4 268 0 31.2 68.3 7.5 0.0 0 1 3 4 4
-4732.1 2521.7 -43.2 333 0 49.5 29.6 10.5 0.0 0 0 3 0 0
-4810.2 2448.3 -44.4 1 0 12.2 23.2 14.0 3.5 2 1 4 3 3
-4811.2 2424.8 -44.4 0 0 24.0 23.2 14.0 3.5 2 0 4 2 2
-4955.9 2294.1 -44.7 84 0 14.6 36.5 14.0 3.5 2 1 4 5 5
-5053.2 2788.0 -44.1 87 0 17.0 13.7 14.0 3.5 2 0 4 5 5
-4172.5 949.3 -48.1 163 0 11.3 26.5 7.5 2.5 2 1 3 5 5
-5681.3 2493.9 -46.1 85 0 25.5 13.2 7.5 2.5 2 0 3 2 2
-4828.4 1869.0 -46.3 269 0 40.1 21.0 10.5 0.0 0 0 3 4 4
-5093.9 2297.2 -44.5 184 0 15.1 72.6 10.5 3.5 2 1 3 3 3
