3430.4 6036.8 8.3 170 0 49.8 35.8 7.5 0.0 0 0 3 3 3
2775.7 5929.6 21.9 87 0 13.1 10.1 7.5 2.5 2 0 3 4 4
2613.2 5752.9 28.3 109 0 20.1 26.7 5.0 2.5 2 1 2 4 4
3942.6 -5015.0 -31.9 170 0 9.2 46.1 7.5 2.5 2 0 3 0 0
3954.3 -5046.4 -31.5 76 0 10.2 27.2 12.5 2.5 2 1 5 0 0
3966.4 -5043.0 -31.6 76 0 13.3 26.1 10.0 2.5 2 1 4 4 4
3937.0 -4966.3 -34.5 82 0 16.5 38.5 12.5 2.5 2 1 5 1 1
3891.9 -4955.6 -34.6 87 0 53.3 24.0 10.0 2.5 2 0 4 4 4
3909.8 -4964.4 -33.5 268 0 18.4 15.9 15.0 0.0 0 0 6 2 2
3894.5 -4972.4 -33.2 267 0 14.8 19.9 7.5 2.5 2 1 3 1 1
3924.6 -5004.7 -32.6 1 0 28.4 19.2 10.0 2.5 2 0 4 2 2
3926.7 -5039.3 -31.4 359 0 36.1 14.2 10.0 2.5 2 0 4 0 0
4035.4 -4957.8 -33.2 5 0 10.8 29.9 7.5 2.5 2 1 3 1 1
3367.7 -5303.5 2.0 355 0 11.1 104.3 10.0 2.5 2 1 4 2 2
3359.3 -5291.8 -0.3 91 0 13.6 55.3 10.0 2.5 2 1 4 2 2
3452.7 -5344.7 1.2 90 0 19.9 14.2 10.0 2.5 2 0 4 1 1
3614.5 -6473.3 -3.2 350 0 117.7 117.0 7.5 0.0 0 0 3 3 3
2898.3 -5820.6 2.6 82 0 60.4 41.8 5.0 0.0 0 0 2 4 4
3071.6 -5568.6 1.4 269 0 36.9 34.4 10.0 0.0 0 0 4 5 5
-1557.3 2752.0 -19.6 286 0 44.6 68.2 10.0 0.0 0 1 4 2 2
2060.7 -5137.7 -18.2 85 0 12.1 13.0 5.0 2.5 2 1 2 4 4
2079.4 -5117.2 -18.2 355 0 5.7 11.5 7.5 2.5 2 1 3 5 5
2184.1 -5148.0 -15.9 269 0 18.1 13.2 7.5 2.5 2 0 3 4 4
3203.4 -3520.6 -17.5 90 0 24.7 33.7 12.5 0.0 0 1 5 0 0
4159.5 -5078.2 -24.9 104 0 15.7 31.5 10.0 2.5 2 1 4 5 5
3285.2 -5155.6 -2.9 176 0 11.6 38.9 7.5 2.5 2 1 3 4 4
3330.0 -5175.7 -2.4 353 0 27.6 8.7 10.5 2.5 2 0 3 2 2
3325.6 -5203.7 -1.3 355 0 10.9 39.0 7.5 2.5 2 1 3 5 5
3235.0 -5192.5 -1.1 179 0 7.2 17.0 7.0 2.5 2 1 2 0 0
3283.2 -5234.8 -0.2 89 0 33.3 10.6 7.5 2.5 2 0 3 1 1
3317.7 -5232.4 -0.4 89 0 19.5 9.2 3.5 0.0 0 0 1 2 2
3237.9 -5211.4 -0.7 168 0 21.2 9.5 3.5 0.0 0 0 1 0 0
3099.2 -5118.4 -0.6 126 0 23.7 9.5 10.5 2.5 2 0 3 0 0
3140.3 -5108.2 -1.1 304 0 36.4 10.1 7.5 2.5 2 0 3 5 5
3129.2 -5130.8 -1.2 214 0 11.2 8.9 7.0 2.5 2 0 2 4 4
2768.6 6308.6 13.0 94 0 21.8 33.8 7.5 0.0 0 1 3 1 1
