2406.5 5608.8 -0.3 256 0 8.4 8.3 7.5 2.5 2 0 3 0 0
1691.2 4921.5 -8.7 234 0 33.5 43.8 12.5 0.0 0 1 5 4 4
2187.4 5392.5 -2.1 32 0 6.9 26.5 7.0 2.5 2 1 2 2 2
2580.2 5562.7 -5.7 265 0 41.2 13.1 10.0 2.5 2 0 4 3 3
2619.5 5537.7 -6.1 356 0 13.1 28.6 10.0 0.0 0 1 4 0 0
2398.0 5356.4 -5.5 67 0 14.8 15.3 5.0 2.5 2 1 2 0 0
1882.1 5269.2 11.3 100 0 26.5 16.6 12.5 2.5 4 0 5 2 2
2747.7 5657.1 -3.7 259 0 13.7 33.7 7.5 2.5 2 1 3 2 2
2612.0 5670.6 -2.3 2 0 25.4 10.1 10.0 2.5 2 0 4 1 1
2611.5 5635.2 -3.0 2 0 13.6 11.0 7.5 2.5 2 0 3 0 0
-672.6 -6727.0 -17.3 179 0 10.2 11.6 5.0 0.0 0 1 2 1 1
