-1454.1 -6156.5 -10.1 254 0 6.4 6.8 7.5 2.5 5 0 3 5 5
-1440.6 -6205.9 -10.1 75 0 6.4 44.4 7.5 2.5 2 0 3 5 5
-1415.1 -6205.0 -12.5 75 0 42.9 5.9 7.5 2.5 2 0 3 0 0
-1395.8 -6170.4 -13.2 345 0 44.4 6.5 7.5 2.5 2 0 3 5 5
-1402.5 -6145.8 -11.8 345 0 6.8 6.5 7.5 2.5 5 0 3 4 4
-1421.3 -6151.6 -11.2 345 0 7.2 20.3 7.5 2.5 4 0 3 2 2
-1576.4 -6159.6 1.3 9 0 9.0 53.1 7.5 2.5 2 1 3 5 5
-1777.1 -6139.4 7.7 186 0 13.6 64.2 7.5 2.5 2 1 3 2 2
-1368.9 -5948.2 -8.8 7 0 63.6 28.4 7.5 0.0 0 0 3 0 0
-1588.5 -6351.4 7.5 294 0 9.0 27.6 2.5 3.0 2 1 1 2 2
-1385.6 -6156.5 -13.3 173 0 22.7 8.5 7.5 3.0 0 0 3 3 3
-1288.8 -6055.0 -13.9 92 0 56.3 13.3 7.5 3.0 0 0 3 1 1
-1381.5 -6194.4 -13.5 173 0 49.0 10.0 7.5 3.0 2 0 3 3 3
-1025.6 -6394.2 -3.5 179 0 15.5 12.5 10.0 3.0 4 0 4 0 0
