5011.6 1304.9 28.4 188 0 143.5 36.1 14.0 0.0 0 0 4 5 5
3478.2 -290.9 43.9 265 0 71.2 57.2 7.5 0.0 0 0 3 3 3
3433.4 -1.8 44.7 201 0 36.5 44.0 12.5 0.0 0 1 5 1 1
3396.6 -344.6 38.4 87 0 37.3 52.7 12.5 0.0 0 1 5 3 3
5443.6 1391.7 17.2 253 0 47.9 60.7 14.0 0.0 0 1 4 1 1
5582.9 1651.9 19.7 359 0 36.8 36.5 14.0 0.0 0 0 4 0 0
-2942.3 6096.6 -48.4 169 0 14.1 14.0 10.5 3.5 2 0 3 2 2
-2294.8 5814.1 -45.6 217 0 7.8 13.2 5.0 0.0 0 1 2 3 3
-2970.0 6217.4 -45.9 223 0 14.9 30.9 10.5 3.5 2 1 3 2 2
-2571.0 4196.3 -28.3 267 0 9.8 14.9 7.5 2.5 2 1 3 1 1
-2569.6 4202.4 -30.0 355 0 5.7 21.2 5.0 2.5 2 1 2 3 3
-2111.9 4367.9 -5.5 356 0 12.0 10.2 7.5 2.5 2 0 3 2 2
-2293.5 4485.9 -15.5 177 0 30.3 12.4 10.0 2.5 2 0 4 2 2
-2330.8 4527.9 -15.4 86 0 15.1 13.3 7.5 2.5 2 0 3 3 3
-2478.8 4474.1 -32.3 68 0 8.1 18.8 7.5 2.5 2 0 3 2 2
-2494.2 4467.8 -35.0 67 0 25.3 19.0 10.0 2.5 2 0 4 3 3
-2532.2 4519.5 -36.5 141 0 14.0 24.8 10.0 2.5 4 1 4 2 2
-2753.2 5617.3 -48.7 85 0 21.8 11.3 5.0 2.5 2 0 2 0 0
-2244.6 5139.1 -25.7 43 0 12.9 11.8 7.5 2.5 2 0 3 3 3
-2275.0 4856.5 -19.9 299 0 12.9 8.1 2.5 0.0 0 0 1 0 0
361.0 5176.9 -15.5 179 0 6.9 12.3 7.5 2.5 2 1 3 5 5
401.7 5198.9 -22.5 263 0 12.5 9.5 7.5 2.5 2 0 3 4 4
295.7 5039.0 -14.9 265 0 7.0 12.9 7.5 2.5 2 1 3 0 0
-24.6 5513.7 -0.1 358 0 14.1 12.3 2.5 2.5 2 0 1 2 2
-429.8 4386.4 6.3 79 0 13.4 6.4 7.5 2.5 2 0 3 1 1
-405.5 4390.7 5.8 83 0 20.1 4.7 7.5 2.5 2 0 3 5 5
-263.3 4058.0 -1.5 269 0 7.2 12.2 7.5 2.5 2 1 3 0 0
-284.0 3963.6 -0.8 93 0 8.7 8.6 2.5 2.5 2 0 1 5 5
-473.0 3802.3 18.0 287 0 7.5 8.5 7.5 2.5 2 0 3 0 0
-517.4 3773.5 19.0 197 0 9.8 17.7 5.0 2.5 2 0 2 0 0
-475.4 3794.2 17.6 287 0 12.6 37.0 10.0 2.5 2 0 4 1 1
-1353.6 5249.6 0.6 262 0 10.8 14.4 7.5 2.5 2 1 3 1 1
-1570.0 5130.1 1.3 270 0 8.4 10.8 7.5 2.5 2 1 3 0 0
-1221.9 5492.2 -2.3 138 0 8.8 14.6 5.0 2.5 2 1 2 4 4
-1190.9 5372.5 2.3 274 0 3.2 13.1 5.0 2.5 2 1 2 1 1
-1058.8 5362.4 12.1 179 0 8.7 15.5 7.5 2.5 4 1 3 1 1
-1031.2 5490.6 0.8 176 0 9.2 7.3 5.0 2.5 2 0 2 1 1
-903.3 5573.8 -5.4 87 0 13.1 13.4 10.0 2.5 4 1 4 3 3
-810.3 5536.6 -2.7 87 0 10.1 10.9 5.0 2.5 2 1 2 5 5
-834.3 5435.8 4.7 176 0 5.1 9.1 5.0 2.5 2 1 2 0 0
-1761.4 5204.3 -15.5 298 0 10.3 17.8 5.0 2.5 2 1 2 4 4
-641.4 3565.3 17.9 0 0 7.3 10.7 5.0 2.5 2 1 2 1 1
-596.0 3506.2 28.2 352 0 8.5 7.7 7.5 2.5 4 0 3 3 3
-203.0 3120.8 17.0 268 0 15.6 12.8 2.5 2.5 4 0 1 5 5
-283.7 3301.7 18.9 44 0 23.0 15.2 12.5 2.5 2 0 5 2 2
-105.9 3226.4 11.2 99 0 11.0 10.3 2.5 2.5 2 0 1 2 2
-38.2 3263.0 8.5 87 0 11.4 13.0 7.5 2.5 2 1 3 1 1
2187.9 -6393.6 -2.5 359 0 11.6 5.6 5.0 0.0 0 0 2 4 4
2173.9 -6388.5 -2.5 269 0 12.4 11.5 5.0 0.0 0 0 2 4 4
2447.0 -6453.5 3.3 269 0 5.3 8.0 7.5 2.5 2 0 3 5 5
2296.4 -6254.7 2.0 176 0 9.5 9.0 7.5 2.5 2 0 3 5 5
2204.6 -6470.5 -3.4 76 0 12.2 8.4 5.0 2.5 4 0 2 0 0
2214.1 -6433.9 -2.9 73 0 11.2 6.2 2.5 2.5 2 0 1 1 1
2280.4 -6434.8 -2.7 92 0 9.3 7.3 7.5 2.5 2 0 3 2 2
2308.0 -6420.4 -2.4 175 0 9.7 12.3 5.0 2.5 2 1 2 0 0
2359.5 -6391.5 -1.8 317 0 11.2 8.5 5.0 2.5 4 0 2 4 4
2345.4 -6241.0 1.5 253 0 9.5 11.0 7.5 2.5 2 0 3 0 0
2358.0 -6266.0 0.8 343 0 33.2 9.4 7.5 2.5 2 0 3 2 2
2376.2 -6351.8 -1.3 79 0 9.1 30.9 7.5 2.5 2 0 3 4 4
2769.6 -6423.2 2.5 90 0 12.2 21.4 10.0 2.5 4 1 4 5 5
5392.9 1983.9 19.5 72 0 22.9 18.3 7.5 2.5 2 0 3 3 3
5732.5 1240.2 27.5 49 0 9.0 15.7 5.0 2.5 2 1 2 3 3
5294.8 867.3 22.4 86 0 28.8 30.3 15.0 0.0 0 1 6 5 5
4964.1 931.1 29.5 46 0 20.5 37.0 14.0 0.0 0 1 4 1 1
5890.9 1512.4 23.0 96 0 14.3 23.2 14.0 3.5 2 1 4 0 0
6669.1 2463.0 33.6 64 0 12.6 20.4 7.5 2.5 2 1 3 4 4
5611.0 2104.0 13.1 95 0 35.6 47.0 17.5 0.0 0 1 5 5 5
