-5797.1 -6613.5 -17.1 76 0 7.0 29.5 7.5 2.5 2 1 3 0 0
-5768.2 -6558.7 -16.5 258 0 23.0 9.9 2.5 2.5 2 0 1 5 5
-2703.6 -2559.9 -1.0 85 0 32.5 21.0 12.5 0.0 0 0 5 5 5
-2288.3 -3083.0 9.9 183 0 49.8 44.9 10.0 0.0 0 0 4 0 0
-783.4 -3206.8 -1.9 268 0 54.7 47.1 10.0 0.0 0 0 4 5 5
-3212.1 -2739.8 -3.0 0 0 29.8 17.7 10.0 2.5 2 0 4 4 4
2928.6 -2123.9 -3.1 266 0 59.6 193.8 10.0 0.0 0 1 4 2 2
2649.9 -1083.9 -0.8 283 0 17.5 24.5 7.5 2.5 2 1 3 5 5
736.2 35.3 5.6 141 0 10.6 28.6 7.5 2.5 2 1 3 2 2
4071.2 2373.7 -3.8 189 0 69.2 169.3 7.5 0.0 0 1 3 0 0
3832.7 1677.4 -2.5 73 0 60.0 34.1 12.5 0.0 0 0 5 2 2
3940.9 1708.6 -0.4 274 0 20.3 26.1 12.5 0.0 0 1 5 3 3
3095.2 2326.1 1.2 44 0 15.6 23.1 7.5 2.5 2 1 3 1 1
