-897.0 3331.0 -15.2 179 0 59.6 10.8 14.0 3.5 2 0 4 1 1
-907.1 3347.7 -14.8 179 0 26.4 8.7 10.5 3.5 2 0 3 3 3
-818.9 3328.9 -17.8 179 0 43.5 9.5 10.5 0.0 0 0 3 4 4
-758.7 3337.1 -20.0 360 0 73.4 10.1 14.0 3.5 2 0 4 5 5
-836.4 3286.9 -16.2 0 0 7.7 4.8 10.5 3.5 2 0 3 3 3
1292.6 3966.1 -28.6 337 0 39.7 11.8 14.0 3.5 2 0 4 2 2
1274.6 4010.0 -28.2 338 0 41.9 9.4 10.5 3.5 2 0 3 1 1
-51.8 3203.9 -18.5 163 0 30.8 36.0 17.5 0.0 0 1 5 4 4
716.5 3852.5 -24.8 60 0 12.7 27.2 14.0 0.0 0 1 4 3 3
725.3 3859.6 -24.4 72 0 12.8 24.4 14.0 3.5 2 1 4 5 5
675.3 3844.6 -25.7 332 0 26.6 11.4 10.5 3.5 2 0 3 3 3
852.8 3718.7 -26.9 65 0 19.6 57.6 10.5 0.0 0 1 3 0 0
-93.7 3148.1 -20.4 165 0 27.8 17.0 17.5 3.5 2 0 5 3 3
1293.7 4067.0 -28.3 244 0 11.8 17.1 10.5 3.5 2 1 3 2 2
1348.9 3892.6 -29.9 156 0 31.7 7.9 10.5 3.5 2 0 3 3 3
-54.9 3164.8 -18.9 155 0 15.4 23.1 17.5 0.0 0 1 5 2 2
187.8 3601.9 -18.4 162 0 17.7 31.7 17.5 3.5 2 1 5 2 2
171.7 3587.6 -19.2 339 0 17.0 36.7 17.5 3.5 4 1 5 5 5
162.4 3611.0 -19.6 337 0 22.0 40.9 17.5 0.0 0 1 5 0 0
117.0 3619.1 -19.9 253 0 25.3 9.7 10.5 3.5 2 0 3 1 1
-104.4 3012.2 -23.6 78 0 35.1 17.5 17.5 3.5 4 0 5 2 2
-1096.4 2610.1 -23.2 163 0 11.3 41.1 14.0 3.5 2 1 4 3 3
-934.9 2375.6 -29.1 247 0 33.6 8.5 10.5 3.5 2 0 3 5 5
-719.1 2469.7 -31.6 246 0 34.9 9.8 7.5 2.5 2 0 3 3 3
-920.3 2454.0 -26.7 63 0 18.5 35.8 10.5 0.0 0 1 3 2 2
5937.4 5806.8 -32.3 166 0 40.3 14.6 7.5 2.5 2 0 3 5 5
1485.5 3850.4 -30.7 160 0 8.9 8.3 10.5 3.5 2 0 3 3 3
764.9 3818.5 -26.3 239 0 6.7 39.9 10.5 3.5 2 1 3 4 4
804.5 3690.3 -29.4 327 0 9.2 57.0 10.5 3.5 2 1 3 0 0
608.3 4426.3 -20.8 358 0 18.0 8.1 7.5 2.5 2 0 3 3 3
635.9 4547.8 -21.2 174 0 9.4 30.9 7.5 2.5 2 1 3 0 0
495.2 3071.9 -30.7 265 0 25.7 19.7 15.0 0.0 0 0 6 2 2
-1395.4 2411.1 -26.3 339 0 12.7 13.4 10.0 2.5 2 1 4 2 2
-1319.4 2590.6 -22.0 153 0 9.7 23.1 5.0 2.5 2 1 2 2 2
-1473.1 2425.2 -22.4 74 0 16.5 35.2 7.5 2.5 2 1 3 0 0
-1389.7 2472.3 -24.3 74 0 20.7 13.2 12.5 0.0 0 0 5 3 3
-1105.6 2598.7 -23.1 344 0 5.2 7.4 10.5 3.5 4 1 3 4 4
-1093.4 2695.2 -21.2 170 0 31.8 12.8 14.0 3.5 2 0 4 0 0
-1263.5 2320.8 -29.2 335 0 33.4 19.7 12.5 0.0 0 0 5 5 5
-1394.9 2416.3 -26.2 156 0 13.9 17.1 7.5 2.5 2 1 3 4 4
-1370.4 2644.9 -21.7 259 0 25.1 21.4 10.0 0.0 0 0 4 3 3
-1109.2 2616.1 -23.0 352 0 29.5 6.8 10.5 3.5 2 0 3 3 3
-1108.4 2657.2 -22.2 350 0 17.4 10.5 14.0 3.5 2 0 4 0 0
-1315.8 2516.7 -24.3 158 0 21.1 12.8 7.5 2.5 2 0 3 1 1
-1121.6 2653.3 -22.2 354 0 15.6 7.5 10.5 3.5 2 0 3 4 4
-1251.9 2488.4 -25.8 248 0 11.6 12.4 5.0 2.5 4 1 2 2 2
-1253.1 2345.3 -28.1 151 0 10.8 7.0 7.5 2.5 2 0 3 4 4
-1293.1 2403.7 -27.1 340 0 17.1 21.1 7.5 2.5 2 1 3 3 3
-1323.6 2542.5 -23.6 167 0 27.2 11.3 10.0 2.5 4 0 4 5 5
-1195.9 2356.3 -28.8 341 0 58.5 14.3 10.0 2.5 2 0 4 3 3
-1189.5 2358.6 -28.8 164 0 57.5 14.7 12.5 2.5 2 0 5 0 0
-1270.0 2523.0 -24.3 70 0 24.1 10.4 7.5 2.5 2 0 3 1 1
-1339.4 2562.9 -22.8 351 0 20.4 18.8 10.0 2.5 2 0 4 2 2
-1116.5 2467.8 -26.9 338 0 57.5 41.3 12.5 0.0 0 0 5 4 4
-1314.6 2446.3 -26.3 339 0 22.8 30.3 7.5 0.0 0 1 3 1 1
-1389.5 2397.5 -27.2 339 0 14.1 14.5 10.0 2.5 2 1 4 2 2
-1310.5 2545.8 -23.7 165 0 29.1 15.7 17.5 0.0 0 0 7 3 3
-1132.3 2595.6 -23.0 75 0 8.3 32.7 10.5 3.5 2 1 3 5 5
-1312.1 2392.6 -27.0 343 0 12.3 19.4 2.5 2.5 2 1 1 3 3
-1284.3 2412.4 -26.8 160 0 7.9 11.0 7.5 2.5 2 1 3 0 0
-1372.1 2431.5 -25.9 246 0 14.2 4.5 5.0 2.5 2 0 2 0 0
-1437.2 2543.9 -22.1 256 0 19.1 50.0 10.0 2.5 2 1 4 5 5
-1213.7 2650.3 -23.0 256 0 13.1 81.6 14.0 3.5 2 1 4 4 4
-1290.0 2432.2 -26.5 154 0 11.6 15.3 5.0 2.5 2 1 2 1 1
-1266.0 2391.3 -27.9 246 0 11.5 38.5 7.5 2.5 4 1 3 5 5
-1378.9 2408.2 -26.5 162 0 9.8 10.8 2.5 2.5 2 1 1 1 1
-1336.0 2606.3 -21.7 161 0 17.2 20.2 7.5 0.0 0 1 3 2 2
-1237.5 2494.6 -26.2 250 0 18.3 41.0 10.0 0.0 0 1 4 4 4
-1303.6 2457.1 -26.0 153 0 8.4 51.6 5.0 2.5 2 1 2 0 0
-1282.5 2378.6 -27.7 334 0 31.0 13.3 5.0 2.5 4 0 2 4 4
-1142.0 2586.6 -23.2 75 0 6.6 40.5 10.5 3.5 2 1 3 3 3
-1189.7 2466.6 -25.9 52 0 31.2 43.8 12.5 0.0 0 1 5 0 0
-1183.8 2665.6 -22.8 258 0 24.1 65.0 14.0 3.5 2 1 4 1 1
-1307.1 2428.6 -26.5 339 0 12.0 30.9 10.0 2.5 2 1 4 0 0
-1457.9 2432.1 -22.9 71 0 9.4 16.5 7.5 2.5 2 1 3 3 3
-1189.8 2424.9 -27.5 350 0 60.0 15.1 12.5 2.5 2 0 5 0 0
-1301.7 2417.2 -26.7 342 0 8.9 36.1 7.5 0.0 0 1 3 5 5
-1448.5 2395.9 -26.0 252 0 21.1 32.9 12.5 2.5 2 1 5 1 1
-1470.6 2387.6 -25.3 247 0 16.1 28.5 10.0 0.0 0 1 4 3 3
-1353.9 2439.6 -26.2 253 0 14.4 20.5 7.5 2.5 2 1 3 5 5
-1237.9 2628.9 -21.5 358 0 8.3 23.8 5.0 2.5 2 1 2 2 2
-1280.1 2343.5 -28.1 338 0 10.5 19.1 5.0 2.5 2 1 2 4 4
-191.6 4578.2 -16.8 6 0 16.2 10.1 10.5 2.5 2 0 3 5 5
-245.2 4536.1 -20.1 103 0 16.1 35.7 10.0 2.5 2 1 4 2 2
-275.8 4585.5 -18.2 192 0 9.1 31.2 7.5 2.5 2 1 3 3 3
-279.6 4658.4 -17.0 284 0 12.6 50.2 12.5 2.5 4 1 5 3 3
-310.7 4643.5 -16.8 192 0 41.5 14.9 10.0 2.5 2 0 4 3 3
-256.9 4645.8 -14.7 283 0 8.4 12.1 7.0 2.5 2 1 2 1 1
-278.7 4606.1 -16.8 105 0 9.9 30.8 7.5 2.5 2 1 3 3 3
-269.7 4590.3 -17.5 100 0 9.5 29.8 7.5 0.0 0 1 3 4 4
-253.4 4586.2 -17.4 102 0 17.6 40.9 12.5 2.5 2 1 5 1 1
-850.9 2404.5 -30.2 156 0 9.9 50.2 10.5 0.0 0 1 3 3 3
-819.2 2452.7 -29.5 335 0 10.1 122.0 10.5 3.5 2 1 3 1 1
-4189.7 6478.7 26.4 61 0 16.7 21.7 10.0 2.5 2 1 4 4 4
-390.6 3008.7 -24.3 264 0 14.5 16.7 17.5 3.5 2 1 5 4 4
1888.8 4407.7 -29.0 347 0 52.5 19.5 12.5 2.5 2 0 5 5 5
-556.8 2921.6 -22.6 346 0 81.6 21.8 14.0 0.0 0 0 4 1 1
-4361.6 2063.4 -31.6 268 0 56.0 55.6 12.5 0.0 0 0 5 0 0
-2566.3 4030.6 -10.1 327 0 28.9 33.4 2.5 0.0 0 1 1 2 2
-3958.3 1272.5 -23.1 252 0 47.4 24.5 12.5 0.0 0 0 5 3 3
-1006.7 2912.3 -20.1 266 0 18.5 36.4 14.0 0.0 0 1 4 2 2
-2194.4 2046.2 -26.1 250 0 30.2 27.2 15.0 0.0 0 0 6 4 4
-1277.3 3419.4 -21.3 264 0 31.1 33.6 14.0 0.0 0 1 4 2 2
1307.6 3940.3 -29.1 149 0 20.8 15.5 14.0 3.5 2 0 4 0 0
-907.3 3622.1 -20.4 0 0 32.4 32.0 14.0 0.0 0 0 4 2 2
-2394.1 2404.9 -30.3 0 0 7.8 10.1 5.0 2.5 4 1 2 5 5
5126.3 5603.6 -35.2 255 0 55.9 38.5 10.0 0.0 0 0 4 2 2
-1532.3 2358.9 -24.1 246 0 55.3 7.6 7.5 2.5 2 0 3 4 4
-2231.1 3595.2 -18.4 270 0 21.1 28.4 10.0 0.0 0 1 4 4 4
-1403.9 2884.2 -19.7 88 0 39.7 26.5 12.5 0.0 0 0 5 5 5
6800.6 6613.0 -37.1 91 0 47.6 21.3 10.0 2.5 2 0 4 3 3
245.1 3169.0 -17.9 248 0 18.6 38.5 17.5 0.0 0 1 5 1 1
285.2 3206.4 -19.1 72 0 15.4 27.4 14.0 0.0 0 1 4 3 3
280.3 3258.7 -19.1 255 0 33.0 12.1 14.0 3.5 2 0 4 4 4
0.7 3214.8 -18.0 342 0 44.0 11.0 17.5 3.5 2 0 5 3 3
-24.1 3259.5 -18.6 244 0 10.8 25.4 17.5 3.5 2 1 5 2 2
-244.3 3248.5 -23.4 267 0 14.9 37.2 14.0 3.5 2 1 4 2 2
98.6 3377.7 -17.3 169 0 14.2 38.8 14.0 3.5 4 1 4 4 4
111.3 3343.8 -16.7 169 0 12.2 41.2 14.0 3.5 2 1 4 4 4
94.0 3352.1 -16.7 237 0 16.2 21.0 14.0 3.5 2 1 4 3 3
89.2 3379.8 -17.1 259 0 9.7 18.5 10.5 3.5 4 1 3 3 3
