768.0 3202.5 -8.8 251 0 42.2 47.7 12.5 0.0 0 1 5 1 1
714.7 3265.7 -6.0 344 0 13.7 18.4 7.5 0.0 0 1 3 1 1
752.1 3264.4 -5.1 340 0 28.1 26.0 10.0 0.0 0 0 4 5 5
779.8 3229.3 -5.3 161 0 16.9 12.2 7.0 2.5 2 0 2 4 4
-847.7 -625.5 -23.5 269 0 9.3 48.1 7.5 2.5 2 1 3 4 4
-817.6 -623.6 -23.8 269 0 9.3 48.1 7.5 2.5 2 1 3 2 2
-787.2 -619.6 -24.1 269 0 9.3 48.1 7.5 2.5 2 1 3 5 5
-759.6 -616.7 -24.5 269 0 9.3 50.3 7.5 2.5 2 1 3 4 4
-1435.9 389.9 -14.4 246 0 10.3 57.7 12.5 2.5 2 1 5 3 3
-1419.7 397.7 -15.2 246 0 10.3 57.7 10.0 2.5 2 1 4 4 4
5763.5 -3513.9 20.8 358 0 14.2 14.9 10.0 2.5 2 1 4 3 3
2254.8 -3772.1 20.6 266 0 18.5 21.5 17.5 0.0 0 1 7 2 2
