6051.8 -5716.9 -71.2 233 0 133.9 26.7 5.0 0.0 0 0 2 0 0
6182.1 -5652.6 -71.3 53 0 131.3 26.6 10.0 0.0 0 0 4 0 0
6165.0 -5930.2 -71.0 176 0 11.5 43.4 10.0 2.5 2 0 4 4 4
6214.3 -5896.6 -70.9 266 0 10.6 43.9 7.5 2.5 2 0 3 3 3
6134.0 -5932.9 -71.0 175 0 11.0 29.4 10.0 2.5 2 1 4 4 4
2614.1 566.1 -6.3 315 0 10.1 22.5 10.5 0.0 0 1 3 4 4
2614.9 599.1 -2.8 93 0 8.6 6.6 10.5 3.5 2 0 3 1 1
3122.2 -510.4 -20.3 346 0 11.9 28.1 10.0 2.5 2 1 4 0 0
3027.1 -340.3 -15.8 146 0 13.0 27.0 7.5 2.5 2 1 3 4 4
6227.5 -6096.1 -70.7 5 0 30.4 12.1 10.0 2.5 2 0 4 0 0
6029.1 -5533.9 -65.4 180 0 16.4 15.6 10.0 0.0 0 0 4 1 1
5073.3 -3337.4 -15.7 306 0 34.0 19.2 10.0 0.0 0 0 4 0 0
5084.6 -3371.0 -15.8 329 0 22.1 69.3 7.5 2.5 2 1 3 4 4
3129.6 534.1 13.1 331 0 6.9 10.5 10.5 3.5 2 1 3 0 0
3107.9 530.0 12.3 240 0 9.9 33.9 10.5 3.5 2 1 3 5 5
2421.6 776.2 -3.9 88 0 15.6 10.9 14.0 3.5 2 0 4 1 1
2329.6 905.4 -16.4 268 0 13.9 9.5 10.5 3.5 2 0 3 3 3
2320.9 831.2 -9.0 73 0 6.7 11.1 10.5 3.5 2 1 3 0 0
2338.3 810.3 -5.5 264 0 8.8 15.0 10.5 3.5 2 1 3 4 4
6280.4 -6492.3 -72.0 89 0 23.7 35.8 10.0 0.0 0 1 4 1 1
6225.4 -6342.4 -71.7 90 0 17.0 18.9 10.0 2.5 2 1 4 4 4
2679.3 601.6 -5.2 44 0 15.4 9.3 10.5 3.5 2 0 3 4 4
2735.0 530.7 -6.2 147 0 8.8 8.7 10.5 3.5 2 0 3 0 0
3003.0 -5883.0 -42.4 275 0 6.3 14.6 7.5 0.0 0 1 3 4 4
3040.4 -5892.2 -41.9 286 0 12.0 18.6 5.0 2.5 2 1 2 0 0
-1970.8 2450.1 9.3 318 0 21.4 62.3 12.5 2.5 2 1 5 3 3
-6164.1 6569.4 59.4 57 0 37.7 60.4 10.0 0.0 0 1 4 5 5
6010.8 -5718.3 -71.0 62 0 17.1 34.6 10.0 2.5 2 1 4 4 4
3042.1 -4260.1 -34.5 264 0 12.7 17.2 7.0 2.5 2 1 2 4 4
6131.7 -5234.0 -67.6 2 0 21.9 81.8 12.5 0.0 0 1 5 4 4
6092.7 -5486.2 -65.6 110 0 13.7 26.8 10.0 2.5 4 1 4 2 2
