1425.1 5691.8 25.7 17 0 7.7 7.3 7.5 2.5 2 0 3 1 1
1405.6 5750.4 24.9 123 0 13.0 8.2 7.5 2.5 2 0 3 2 2
1676.2 5652.2 11.9 267 0 6.3 12.1 2.5 2.5 2 1 1 3 3
1671.3 5640.9 12.0 0 0 8.9 12.3 5.0 2.5 2 1 2 1 1
1053.3 5389.3 28.8 181 0 13.4 11.3 7.5 2.5 2 0 3 0 0
1059.8 5478.0 25.8 269 0 11.3 11.1 2.5 2.5 2 0 1 3 3
1101.9 5530.9 22.9 89 0 4.6 13.1 7.5 2.5 2 1 3 4 4
1044.1 5519.8 21.9 78 0 7.0 34.2 7.5 2.5 2 0 3 0 0
1030.2 5511.0 22.0 78 0 7.3 39.5 7.5 2.5 2 1 3 0 0
1016.1 5511.3 22.4 78 0 7.6 27.7 7.5 0.0 0 1 3 5 5
1001.2 5511.7 22.7 78 0 7.2 19.3 5.0 2.5 2 1 2 4 4
816.4 5345.6 30.3 357 0 9.8 8.5 5.0 2.5 2 0 2 0 0
596.9 5395.0 28.5 359 0 7.3 11.1 2.5 2.5 2 1 1 0 0
693.7 5337.9 26.1 359 0 13.7 5.6 5.0 2.5 2 0 2 1 1
695.2 5450.8 32.4 267 0 10.3 21.7 7.5 2.5 2 1 3 1 1
664.0 5473.8 33.3 3 0 7.4 11.1 7.5 2.5 2 1 3 3 3
678.5 5464.6 32.8 3 0 8.4 28.7 7.5 2.5 2 0 3 3 3
1176.6 5880.3 17.9 89 0 8.8 11.4 7.5 2.5 2 1 3 3 3
1094.1 5841.4 15.9 89 0 8.8 12.2 7.5 2.5 2 1 3 1 1
1032.2 5976.6 13.9 259 0 5.8 20.9 7.5 2.5 2 0 3 3 3
1058.3 5976.9 14.1 349 0 6.3 22.8 7.5 2.5 2 0 3 0 0
1029.3 5894.4 13.8 360 0 25.0 18.0 7.5 2.5 2 0 3 1 1
981.5 5827.0 16.1 269 0 9.4 18.5 7.5 0.0 0 1 3 3 3
983.2 5776.3 15.7 178 0 13.0 10.8 2.5 2.5 4 0 1 0 0
1842.1 5828.9 12.7 176 0 11.4 9.6 7.5 2.5 4 0 3 3 3
-6281.1 -1734.1 -39.0 252 0 8.8 12.2 5.0 2.5 2 1 2 2 2
